subject,regime,channel,perplexity_real,perplexity_aaft,delta
0,rest,Fp1,4.364445441062142,4.3558044269378975,-0.008641014124244784
0,rest,Fp2,4.689370371337926,4.4562052325706425,-0.2331651387672835
0,rest,F3,4.402948926222744,4.264721720403494,-0.1382272058192502
0,rest,F4,4.23627809570678,4.3348327191629314,0.09855462345615162
0,rest,F7,4.180956529312224,4.073019385566598,-0.10793714374562668
0,rest,F8,4.567749654853532,4.344953671001319,-0.22279598385221355
0,rest,T3,4.151336389094802,4.278057346388036,0.12672095729323374
0,rest,T4,4.350795819250846,4.360839233281611,0.010043414030765696
0,rest,C3,4.224824815963416,4.167950222422697,-0.05687459354071844
0,rest,C4,4.406614998106664,4.341477390580941,-0.06513760752572306
0,rest,T5,4.231399445731532,4.299880687410116,0.06848124167858405
0,rest,T6,4.133535014398651,4.172890313533699,0.03935529913504787
0,rest,P3,4.2626766768225295,4.3065744217953705,0.043897744972841046
0,rest,P4,4.110252715415237,4.063144963077252,-0.047107752337985254
0,rest,O1,4.096575261872254,4.239418309928113,0.1428430480558589
0,rest,O2,3.7835847635381072,3.869221965168256,0.08563720163014876
0,rest,Fz,4.183368590441032,4.192097612722985,0.008729022281952936
0,rest,Cz,4.117601645993746,4.221253556722528,0.10365191072878233
0,rest,Pz,4.216208916125926,4.339161195868187,0.12295227974226108
0,arithmetic,Fp1,4.078555119299605,4.321005775213524,0.24245065591391946
0,arithmetic,Fp2,4.247480753026585,5.084452884981414,0.8369721319548296
0,arithmetic,F3,4.052078276386074,4.899461547897736,0.8473832715116618
0,arithmetic,F4,4.530449710468018,4.893243090232006,0.3627933797639882
0,arithmetic,F7,4.671897424587054,4.816943672214233,0.145046247627179
0,arithmetic,F8,4.681724195855072,5.090034573069331,0.4083103772142591
0,arithmetic,T3,4.506220358710023,5.588724305661331,1.0825039469513076
0,arithmetic,T4,4.649018336930022,4.861124074991928,0.21210573806190514
0,arithmetic,C3,4.514101180212319,5.055773591497338,0.5416724112850186
0,arithmetic,C4,4.422068110085511,4.764724958457992,0.34265684837248145
0,arithmetic,T5,5.036462732515741,5.527833946351378,0.4913712138356372
0,arithmetic,T6,4.644118477551844,5.026591035506221,0.38247255795437685
0,arithmetic,P3,5.062037991509185,4.974855743434355,-0.08718224807483033
0,arithmetic,P4,4.364811481255139,4.767521598550793,0.402710117295654
0,arithmetic,O1,4.9802021064010775,5.013011554597618,0.032809448196540636
0,arithmetic,O2,4.857256849719235,4.540530760705203,-0.31672608901403176
0,arithmetic,Fz,4.259320636883451,4.527241936100636,0.26792129921718555
0,arithmetic,Cz,4.366377905528956,4.803489640484583,0.43711173495562683
0,arithmetic,Pz,4.609636737269437,5.009645623210557,0.40000888594112016
1,rest,Fp1,4.778430211689655,4.657612696344072,-0.12081751534558371
1,rest,Fp2,4.614180700448285,4.7421623246194216,0.12798162417113623
1,rest,F3,5.034580861770503,4.596256030736797,-0.43832483103370645
1,rest,F4,4.394196574770095,4.238890627364247,-0.15530594740584736
1,rest,F7,4.916986484885784,4.63722065305197,-0.27976583183381365
1,rest,F8,4.3644468899321645,4.294374811535237,-0.07007207839692775
1,rest,T3,5.454051285749566,5.732235136997261,0.27818385124769485
1,rest,T4,4.352212958965228,4.2251046983737535,-0.1271082605914744
1,rest,C3,4.990964332120811,4.695696347572509,-0.2952679845483015
1,rest,C4,4.4454235072850325,4.35823802138028,-0.08718548590475272
1,rest,T5,5.112756706123922,4.720313402081757,-0.3924433040421649
1,rest,T6,4.291629759006957,4.16600453781342,-0.12562522119353758
1,rest,P3,4.694051075663039,4.447883493594801,-0.24616758206823874
1,rest,P4,4.38372129979517,4.327044662361285,-0.056676637433884736
1,rest,O1,4.253331217030654,4.305062330075981,0.05173111304532707
1,rest,O2,4.161923556334119,4.377780152826134,0.21585659649201538
1,rest,Fz,4.579516140478245,4.310870643373974,-0.2686454971042709
1,rest,Cz,4.310146686926792,4.222849868695572,-0.08729681823121993
1,rest,Pz,3.947880949284991,3.837157373644812,-0.1107235756401792
1,arithmetic,Fp1,4.324562956626233,4.167739894573421,-0.15682306205281193
1,arithmetic,Fp2,4.999663457330453,4.727883821057401,-0.2717796362730516
1,arithmetic,F3,4.424723987048915,4.477224426952332,0.05250043990341702
1,arithmetic,F4,4.552251184893386,4.929743248472302,0.3774920635789156
1,arithmetic,F7,3.9063112637249255,4.023793985792984,0.1174827220680581
1,arithmetic,F8,3.4455245536433714,3.525769762388328,0.08024520874495655
1,arithmetic,T3,4.570908811876641,5.341424640002891,0.7705158281262499
1,arithmetic,T4,4.124218694004439,4.631691002608931,0.5074723086044921
1,arithmetic,C3,4.672656785627855,4.817632198352233,0.14497541272437786
1,arithmetic,C4,4.349925307765327,4.685020396935377,0.33509508917004993
1,arithmetic,T5,4.464538805650367,4.669503131367397,0.20496432571702972
1,arithmetic,T6,4.810958593964238,5.0015795019548674,0.19062090799062936
1,arithmetic,P3,4.383251700062773,4.175302696732189,-0.20794900333058397
1,arithmetic,P4,4.127834553365713,4.334989205222279,0.20715465185656612
1,arithmetic,O1,4.797367122422324,4.860115781606686,0.06274865918436134
1,arithmetic,O2,4.178854100958663,4.2285228292870745,0.049668728328411405
1,arithmetic,Fz,4.661840277739132,4.230703237879618,-0.43113703985951357
1,arithmetic,Cz,4.79473244255564,4.687756120881232,-0.10697632167440752
1,arithmetic,Pz,4.473204282122038,4.665053311869586,0.19184902974754792
2,rest,Fp1,6.426540431644622,6.728359545235031,0.30181911359040825
2,rest,Fp2,4.137420011818447,4.417756447832147,0.28033643601369995
2,rest,F3,4.661799405899565,4.710156600622789,0.04835719472322442
2,rest,F4,4.694399979815775,5.000120452291994,0.30572047247621903
2,rest,F7,6.379863481480455,6.212421015201392,-0.16744246627906278
2,rest,F8,5.008524611508552,5.145271461940608,0.13674685043205592
2,rest,T3,4.954355064470749,4.696204964202194,-0.2581501002685549
2,rest,T4,4.344743467285602,4.464517573602888,0.11977410631728613
2,rest,C3,4.2011119404244495,4.24852515675174,0.0474132163272909
2,rest,C4,4.044494543053999,4.372163089243453,0.32766854618945374
2,rest,T5,4.751649444499027,4.633372985625504,-0.118276458873523
2,rest,T6,3.926397718723446,4.037599841079112,0.11120212235566651
2,rest,P3,4.143865373781944,4.232195667554332,0.08833029377238777
2,rest,P4,3.9812191901613385,4.165063064732138,0.18384387457079931
2,rest,O1,4.51712977058971,4.756950110848461,0.23982034025875087
2,rest,O2,4.142021515190262,4.170716136096845,0.0286946209065837
2,rest,Fz,4.139269422584066,4.261127960314171,0.12185853773010535
2,rest,Cz,3.994434406483745,4.114448537426575,0.12001413094282976
2,rest,Pz,4.103224095599496,4.216377731930155,0.11315363633065889
2,arithmetic,Fp1,8.04439807100785,7.090212369188765,-0.9541857018190845
2,arithmetic,Fp2,5.4970988809988,5.468406914740429,-0.028691966258371338
2,arithmetic,F3,5.683839564063299,5.518107219193966,-0.1657323448693333
2,arithmetic,F4,5.92888450065535,5.330789450888799,-0.5980950497665507
2,arithmetic,F7,6.078280841705119,7.303127500787605,1.2248466590824858
2,arithmetic,F8,5.414802894720153,5.418788982540587,0.003986087820433859
2,arithmetic,T3,5.793381467105372,5.967140604630965,0.17375913752559313
2,arithmetic,T4,5.600607160268973,5.548468621015334,-0.052138539253639316
2,arithmetic,C3,4.750716230878809,4.955016202988596,0.20429997210978712
2,arithmetic,C4,5.071468028281544,4.972353430439933,-0.09911459784161103
2,arithmetic,T5,5.57959924598151,6.041155530718231,0.46155628473672117
2,arithmetic,T6,5.25563423559642,5.422650648271973,0.16701641267555267
2,arithmetic,P3,4.523750865245421,5.034190894709157,0.5104400294637363
2,arithmetic,P4,4.569550502697488,4.715039895479903,0.14548939278241502
2,arithmetic,O1,5.599151721756456,5.951621972320721,0.35247025056426473
2,arithmetic,O2,5.044067668739213,4.940946753663889,-0.1031209150753245
2,arithmetic,Fz,4.855583281561914,4.989197687362211,0.13361440580029615
2,arithmetic,Cz,4.86274756170157,4.593316726877191,-0.26943083482437924
2,arithmetic,Pz,4.643885445284787,5.277243569360912,0.6333581240761248
3,rest,Fp1,3.862541398166925,3.840187244368447,-0.022354153798477938
3,rest,Fp2,4.267227891531735,4.255924824636747,-0.011303066894988056
3,rest,F3,4.0423266250674565,4.027609330081657,-0.014717294985799434
3,rest,F4,4.025326317550205,4.012594909799265,-0.012731407750940171
3,rest,F7,3.920495531680327,4.205765272310625,0.285269740630298
3,rest,F8,4.100639604498341,4.104391743066516,0.003752138568175134
3,rest,T3,3.68107848682833,3.694023828213632,0.012945341385302012
3,rest,T4,4.09017193478805,4.04011047055098,-0.050061464237070474
3,rest,C3,3.766253214765755,3.88335133870518,0.11709812393942531
3,rest,C4,4.023734163780586,3.806051264942028,-0.21768289883855774
3,rest,T5,4.040455458616367,3.988017506851087,-0.05243795176527977
3,rest,T6,3.818153274331071,3.834048806318149,0.015895531987077938
3,rest,P3,3.8337835217370895,3.832812548157748,-0.0009709735793412833
3,rest,P4,3.660895418263731,3.714464977188213,0.053569558924481786
3,rest,O1,3.573092878608925,3.615403058395724,0.04231017978679885
3,rest,O2,3.743495234490287,3.851456671465936,0.10796143697564897
3,rest,Fz,4.018349193268748,3.961342338044642,-0.05700685522410609
3,rest,Cz,3.755125077799193,3.8272815128245097,0.07215643502531677
3,rest,Pz,3.6908361402971166,3.5645743965871506,-0.126261743709966
3,arithmetic,Fp1,4.285820461435806,3.888096163587008,-0.39772429784879826
3,arithmetic,Fp2,5.714890306760009,4.423828824277225,-1.2910614824827844
3,arithmetic,F3,4.619832817605372,4.301492757350552,-0.31834006025481987
3,arithmetic,F4,4.540625553349388,4.5973793555851605,0.05675380223577253
3,arithmetic,F7,4.330419161999269,4.42165889405001,0.09123973205074076
3,arithmetic,F8,4.726811481936423,4.425941539844809,-0.3008699420916141
3,arithmetic,T3,3.748232098599125,3.596958530410331,-0.151273568188794
3,arithmetic,T4,4.368214118448505,4.474724569143596,0.10651045069509113
3,arithmetic,C3,4.768398903212636,4.199719752134414,-0.5686791510782214
3,arithmetic,C4,4.16126359289718,4.17725918399408,0.01599559109689963
3,arithmetic,T5,4.458091782504573,4.317922768945691,-0.14016901355888134
3,arithmetic,T6,4.494546225091272,4.260541189758157,-0.23400503533311579
3,arithmetic,P3,4.609164495320998,4.197035513974492,-0.41212898134650633
3,arithmetic,P4,4.957841030919874,4.201859323003332,-0.7559817079165416
3,arithmetic,O1,5.259186266099139,4.343860331889973,-0.9153259342091662
3,arithmetic,O2,5.218436792102711,4.679580492884344,-0.5388562992183674
3,arithmetic,Fz,4.439775377668925,4.479880838655845,0.04010546098692025
3,arithmetic,Cz,4.381854962629437,4.302173574808583,-0.07968138782085443
3,arithmetic,Pz,4.000082064617926,3.9568634693312776,-0.0432185952866484
4,rest,Fp1,3.706621033982671,3.744412743743175,0.037791709760504055
4,rest,Fp2,3.7314332690542975,3.448244702889112,-0.2831885661651854
4,rest,F3,3.814130045679109,3.664367757440246,-0.14976228823886295
4,rest,F4,3.95523006276188,3.897246999767608,-0.05798306299427214
4,rest,F7,3.813375109659428,3.6555061367526176,-0.15786897290681035
4,rest,F8,3.643490683617748,3.189375533050561,-0.454115150567187
4,rest,T3,3.97007899030932,3.895181441427443,-0.07489754888187683
4,rest,T4,3.963264052917959,3.72188104273836,-0.24138301017959884
4,rest,C3,4.005120635077459,3.9336272987850496,-0.07149333629240928
4,rest,C4,4.114390079692628,4.118821231217671,0.004431151525043475
4,rest,T5,4.1275723279994905,3.753580615711892,-0.3739917122875984
4,rest,T6,3.51787068213708,3.3826677427254026,-0.13520293941167738
4,rest,P3,3.926024688405849,3.834010449726951,-0.09201423867889824
4,rest,P4,4.0140922037513525,3.8196138887092648,-0.19447831504208768
4,rest,O1,4.181814491469104,3.9774544759167054,-0.20436001555239836
4,rest,O2,3.5353028838346936,3.767382922423286,0.2320800385885926
4,rest,Fz,3.928330683287189,3.767069866421504,-0.16126081686568483
4,rest,Cz,3.9979156237454414,3.960604970372021,-0.03731065337342043
4,rest,Pz,3.838869408666184,3.900084163804887,0.061214755138703225
4,arithmetic,Fp1,4.664737816521281,4.994474586775648,0.32973677025436654
4,arithmetic,Fp2,3.3150635296122672,3.4507366416417966,0.13567311202952936
4,arithmetic,F3,4.3600957823224284,4.3867901980519175,0.02669441572948905
4,arithmetic,F4,4.190822472310139,4.179016586250372,-0.011805886059767623
4,arithmetic,F7,4.650236233039177,4.2875181218366905,-0.3627181112024864
4,arithmetic,F8,3.46728355520342,3.768266318760548,0.30098276355712805
4,arithmetic,T3,4.688300647557373,4.772997752125142,0.08469710456776891
4,arithmetic,T4,4.477955650551416,4.310168731152324,-0.1677869193990924
4,arithmetic,C3,4.540263041548343,4.688748252630894,0.14848521108255142
4,arithmetic,C4,4.574799221898136,4.459447589116292,-0.11535163278184424
4,arithmetic,T5,4.388644681866192,4.297644858351649,-0.09099982351454283
4,arithmetic,T6,4.375771555735261,4.56219123432613,0.1864196785908696
4,arithmetic,P3,4.356034384177474,4.146548660454974,-0.20948572372249963
4,arithmetic,P4,4.633392270536604,4.452364851877483,-0.18102741865912098
4,arithmetic,O1,4.679849149666871,4.623101768980608,-0.056747380686262616
4,arithmetic,O2,4.57714023940822,4.789604129755399,0.21246389034717872
4,arithmetic,Fz,4.1127951846062,4.519285128905829,0.40648994429962926
4,arithmetic,Cz,4.260069099400306,4.594863295425488,0.33479419602518146
4,arithmetic,Pz,4.802029889583476,4.571581234158146,-0.23044865542533
5,rest,Fp1,3.212375664844032,3.363639090528176,0.15126342568414408
5,rest,Fp2,4.815955705855584,4.883464567015637,0.06750886116005272
5,rest,F3,3.7132615806147538,3.802159748168856,0.08889816755410207
5,rest,F4,3.9923305727297302,3.885962237188759,-0.10636833554097125
5,rest,F7,3.165519968349208,3.226616411383806,0.061096443034597936
5,rest,F8,3.722887071590392,3.6397576209999696,-0.08312945059042232
5,rest,T3,3.762202320320773,3.673478162613144,-0.08872415770762876
5,rest,T4,3.997170985857055,3.92586354874035,-0.07130743711670506
5,rest,C3,4.037841148394556,3.937742812593626,-0.10009833580093064
5,rest,C4,4.038343008916301,3.92446371535415,-0.11387929356215087
5,rest,T5,4.677595371833964,4.669352598638251,-0.008242773195712871
5,rest,T6,3.745593787014222,4.101372479460843,0.35577869244662086
5,rest,P3,3.70364788876536,3.7804601832046743,0.07681229443931414
5,rest,P4,3.526989457852136,3.6648291279642047,0.13783967011206855
5,rest,O1,3.294464555028228,3.507021392517145,0.21255683748891707
5,rest,O2,3.147968076175357,3.397892619643199,0.24992454346784232
5,rest,Fz,3.6449599664467858,3.6747733117682952,0.029813345321509477
5,rest,Cz,3.8540411895277074,3.845472267774648,-0.008568921753059566
5,rest,Pz,3.5701534182864822,3.591861540789505,0.021708122503022675
5,arithmetic,Fp1,3.5521759157774064,3.574429622650654,0.02225370687324757
5,arithmetic,Fp2,3.5910232726748137,3.84555482847154,0.2545315557967265
5,arithmetic,F3,4.161172088205865,4.2479503289969385,0.0867782407910731
5,arithmetic,F4,4.354020454542397,4.519612155609064,0.16559170106666699
5,arithmetic,F7,3.4745922957485464,3.62596475033372,0.15137245458517334
5,arithmetic,F8,4.497148810475179,4.188959722627408,-0.30818908784777044
5,arithmetic,T3,4.790301389437973,4.282486180976094,-0.5078152084618788
5,arithmetic,T4,4.870093918385336,5.060359218439564,0.1902653000542287
5,arithmetic,C3,4.23137120681354,4.756392497551864,0.5250212907383238
5,arithmetic,C4,4.30069654190409,4.755097374688341,0.45440083278425103
5,arithmetic,T5,4.517345090017228,3.993065976687687,-0.5242791133295412
5,arithmetic,T6,4.354121407904299,4.766238903782553,0.4121174958782543
5,arithmetic,P3,4.043210077686381,4.844538328019459,0.8013282503330776
5,arithmetic,P4,4.109140984711527,4.387494590454014,0.27835360574248735
5,arithmetic,O1,3.4990292927127364,3.854791535855092,0.3557622431423555
5,arithmetic,O2,3.483088321150254,3.6861606925731545,0.20307237142290058
5,arithmetic,Fz,4.5129107556069625,4.714057325761626,0.20114657015466353
5,arithmetic,Cz,5.057452967395021,4.968729326580544,-0.08872364081447692
5,arithmetic,Pz,3.9732867289110056,4.006994688319045,0.03370795940803939
6,rest,Fp1,3.688287338545477,3.855237069927448,0.16694973138197122
6,rest,Fp2,3.763739312076505,3.912887867662648,0.14914855558614315
6,rest,F3,3.710203482942154,3.8226623194720513,0.11245883652989708
6,rest,F4,3.920484716441822,4.13868346797454,0.2181987515327184
6,rest,F7,3.379573110907636,3.58790414723209,0.20833103632445393
6,rest,F8,3.782135612581938,3.984176063041697,0.20204045045975905
6,rest,T3,3.780041990182366,3.8331000438612657,0.0530580536788996
6,rest,T4,3.8701710989000615,4.013526163933406,0.1433550650333446
6,rest,C3,3.917649228682752,4.0537252530516765,0.13607602436892474
6,rest,C4,3.5480600028880724,3.906091602731092,0.3580315998430197
6,rest,T5,4.132279467024228,4.347685141569983,0.21540567454575488
6,rest,T6,3.928966593242538,4.1281116645342015,0.19914507129166337
6,rest,P3,4.174384979888595,4.294571630209043,0.12018665032044762
6,rest,P4,3.679377791928861,3.965724087274604,0.28634629534574296
6,rest,O1,4.872246625110274,4.845279296296363,-0.026967328813911173
6,rest,O2,4.331495749820508,4.245087227158285,-0.08640852266222332
6,rest,Fz,4.054899924964327,3.967665940698154,-0.08723398426617335
6,rest,Cz,3.8910587354867,4.012222257313452,0.12116352182675172
6,rest,Pz,3.869837476177603,4.041171610375023,0.17133413419741972
6,arithmetic,Fp1,3.8740688367889455,4.157774064380974,0.28370522759202865
6,arithmetic,Fp2,5.4516414903036745,5.042287663722229,-0.40935382658144537
6,arithmetic,F3,6.440691595293626,5.4065609097231615,-1.0341306855704646
6,arithmetic,F4,5.130964913677103,5.136735792608151,0.005770878931047996
6,arithmetic,F7,4.628276413878623,4.767994727866528,0.13971831398790435
6,arithmetic,F8,5.077139620840171,4.81521227989735,-0.26192734094282155
6,arithmetic,T3,5.993487240047755,5.613481828524607,-0.3800054115231477
6,arithmetic,T4,5.303381451459068,5.146433498969989,-0.15694795248907933
6,arithmetic,C3,4.915607045414099,5.039781244971355,0.12417419955725606
6,arithmetic,C4,4.591943675564796,4.816697661750012,0.22475398618521591
6,arithmetic,T5,5.827699450241513,6.168224184020726,0.3405247337792128
6,arithmetic,T6,4.976908771545157,5.183530269254762,0.20662149770960436
6,arithmetic,P3,5.735760640694602,5.310550970495684,-0.4252096701989183
6,arithmetic,P4,4.8242938917201394,5.181066722647649,0.35677283092750933
6,arithmetic,O1,6.489235173973278,6.259357663993391,-0.22987750997988687
6,arithmetic,O2,5.398158006410101,5.419622838864279,0.021464832454177518
6,arithmetic,Fz,5.357168530873224,4.916197990544123,-0.44097054032910155
6,arithmetic,Cz,4.66028485646159,5.155690858836157,0.49540600237456633
6,arithmetic,Pz,5.370441609173954,5.500215166267928,0.12977355709397376
7,rest,Fp1,4.361481662688132,4.4336768505891895,0.07219518790105717
7,rest,Fp2,3.877622453403621,4.260908281817686,0.3832858284140652
7,rest,F3,4.225994080537954,4.18860466909896,-0.0373894114389941
7,rest,F4,4.576446213912745,4.401190306607562,-0.17525590730518292
7,rest,F7,3.887212907932058,4.0651614694899205,0.17794856155786265
7,rest,F8,4.008501219390295,4.277547693305545,0.2690464739152496
7,rest,T3,3.731751505653298,3.9155179093654384,0.18376640371214048
7,rest,T4,4.160370548070564,4.102103210848656,-0.05826733722190802
7,rest,C3,4.012933779099882,3.9783388524351095,-0.03459492666477226
7,rest,C4,3.973614238966506,3.891072485446234,-0.08254175352027193
7,rest,T5,4.25225893647869,4.367278699674798,0.1150197631961083
7,rest,T6,4.203760415831556,3.988208580449926,-0.2155518353816297
7,rest,P3,3.563092183440074,3.6065910985964633,0.04349891515638937
7,rest,P4,3.655456616615848,3.674655910008888,0.019199293393039607
7,rest,O1,3.814449626125786,3.918348086562349,0.1038984604365627
7,rest,O2,3.849134790201681,3.928870950998628,0.07973616079694734
7,rest,Fz,4.004760972566574,3.9881505816950815,-0.01661039087149252
7,rest,Cz,3.705887661079643,3.640812778041086,-0.06507488303855702
7,rest,Pz,3.5585158479782613,3.395095711318421,-0.16342013665984023
7,arithmetic,Fp1,4.098849987243024,4.1268872883579615,0.02803730111493774
7,arithmetic,Fp2,4.74790726310246,4.3993097939649815,-0.3485974691374789
7,arithmetic,F3,4.114817411916799,4.620370965228339,0.5055535533115405
7,arithmetic,F4,4.346270428720968,4.791562945146668,0.44529251642570067
7,arithmetic,F7,4.1564632468948455,3.801824624664939,-0.3546386222299063
7,arithmetic,F8,5.20906454476022,5.526983170702814,0.31791862594259435
7,arithmetic,T3,4.722308252634266,4.612467117391347,-0.10984113524291939
7,arithmetic,T4,6.114665275182072,5.597019978234509,-0.5176452969475633
7,arithmetic,C3,4.265184704048399,4.157209826729583,-0.10797487731881539
7,arithmetic,C4,4.466408076466265,4.400923334123671,-0.06548474234259416
7,arithmetic,T5,5.559678346704239,5.659832024105734,0.10015367740149461
7,arithmetic,T6,4.723205255791548,4.857733122143777,0.13452786635222935
7,arithmetic,P3,4.003588159363898,4.331944842077669,0.32835668271377116
7,arithmetic,P4,4.402708586871429,4.535029873358178,0.13232128648674912
7,arithmetic,O1,4.165244360008005,4.266866810656568,0.10162245064856279
7,arithmetic,O2,4.74371092140735,4.873385897991505,0.1296749765841554
7,arithmetic,Fz,4.113688145910444,4.229945283762216,0.11625713785177183
7,arithmetic,Cz,4.225065819429132,4.226507541083809,0.0014417216546762646
7,arithmetic,Pz,4.283278796902538,4.185221499312745,-0.09805729758979265
8,rest,Fp1,4.27346751603935,4.169880851886775,-0.10358666415257467
8,rest,Fp2,4.609713082003678,4.358092230656416,-0.251620851347262
8,rest,F3,4.075293947112765,4.3036302297264335,0.22833628261366812
8,rest,F4,4.078885284100507,4.011162191507938,-0.06772309259256915
8,rest,F7,4.210816084214144,4.07009117128304,-0.14072491293110456
8,rest,F8,4.000847459717576,3.942876355888029,-0.0579711038295474
8,rest,T3,3.952294048353705,3.9651291374945226,0.012835089140817768
8,rest,T4,3.924220654136003,3.898719348118077,-0.02550130601792633
8,rest,C3,3.9720565336447913,3.976332391706058,0.004275858061266735
8,rest,C4,3.999582466223282,3.997517244197964,-0.002065222025318114
8,rest,T5,3.554129752240211,3.602874854796868,0.04874510255665676
8,rest,T6,4.114582253135486,4.212950677015042,0.09836842387955524
8,rest,P3,4.012599931893243,3.9934963130684897,-0.019103618824753532
8,rest,P4,3.9440894468569225,4.103685962320554,0.15959651546363185
8,rest,O1,3.905208196484288,3.8875850479840137,-0.017623148500274244
8,rest,O2,3.897632710685664,3.883249353840416,-0.014383356845248052
8,rest,Fz,4.116047132533586,3.983210854129717,-0.13283627840386902
8,rest,Cz,4.085221641938146,3.9924677245186033,-0.09275391741954264
8,rest,Pz,3.9299690529127007,3.984302043707912,0.054332990795211256
8,arithmetic,Fp1,3.668923434772307,4.093838403094414,0.42491496832210673
8,arithmetic,Fp2,4.328862993272498,3.6004372471794066,-0.7284257460930914
8,arithmetic,F3,4.80456396408858,4.6145470913454405,-0.19001687274313994
8,arithmetic,F4,4.101776146021933,4.335453344030231,0.2336771980082979
8,arithmetic,F7,3.747907219098878,4.307521328495126,0.5596141093962479
8,arithmetic,F8,4.4972147943109935,4.235805829759226,-0.26140896455176765
8,arithmetic,T3,4.139284331507559,4.486984853383136,0.3477005218755771
8,arithmetic,T4,5.396934782517782,5.256302257385487,-0.14063252513229507
8,arithmetic,C3,4.471410920093663,4.533054996426238,0.06164407633257518
8,arithmetic,C4,4.46955184648061,4.831155158786024,0.3616033123054141
8,arithmetic,T5,4.878750775907311,4.447678691927928,-0.4310720839793829
8,arithmetic,T6,4.840279250870126,4.643594837100211,-0.19668441376991552
8,arithmetic,P3,4.205045334572169,4.739372991882112,0.5343276573099427
8,arithmetic,P4,4.573891660609968,5.114462517838732,0.5405708572287642
8,arithmetic,O1,4.460158267297438,4.374117115290993,-0.08604115200644546
8,arithmetic,O2,4.481211893981932,4.5902555420421525,0.10904364806022038
8,arithmetic,Fz,4.392426982097293,4.49490820550314,0.10248122340584764
8,arithmetic,Cz,4.727447159057967,4.379367579918405,-0.34807957913956233
8,arithmetic,Pz,4.0538844689462605,4.900414342955365,0.8465298740091045
9,rest,Fp1,4.133736616668534,4.290231706059099,0.15649508939056478
9,rest,Fp2,3.779194547639048,3.922461352409945,0.14326680477089715
9,rest,F3,3.526166851383936,3.514934890197354,-0.011231961186582318
9,rest,F4,3.340227754204095,3.4622993091091407,0.12207155490504595
9,rest,F7,4.114846947597829,4.268056754416625,0.15320980681879615
9,rest,F8,3.999403917675724,4.171850985376474,0.1724470677007499
9,rest,T3,3.395924476290085,3.636265021447978,0.24034054515789283
9,rest,T4,3.3610189932018053,3.657782051204492,0.29676305800268654
9,rest,C3,3.3701171738146725,3.451995797794238,0.08187862397956547
9,rest,C4,3.3561457449651697,3.4538600327285125,0.09771428776334279
9,rest,T5,3.644261238822164,3.762591783064252,0.11833054424208811
9,rest,T6,3.889969562437814,4.073469925771731,0.18350036333391673
9,rest,P3,3.7608836105059287,3.723176999316311,-0.0377066111896176
9,rest,P4,3.571681687704545,3.631416425213673,0.05973473750912772
9,rest,O1,3.78769758125704,3.787200505163533,-0.0004970760935067986
9,rest,O2,3.785300980485801,3.7152598147593,-0.07004116572650076
9,rest,Fz,3.3526913394125417,3.340801994229192,-0.011889345183349498
9,rest,Cz,3.3453099935963797,3.4161707985216245,0.07086080492524482
9,rest,Pz,3.495367874026544,3.527924293232987,0.03255641920644292
9,arithmetic,Fp1,3.792314565607072,3.84227864995324,0.04996408434616795
9,arithmetic,Fp2,5.443881580994659,5.3989264357828,-0.044955145211858394
9,arithmetic,F3,3.991106323427909,4.281611057136713,0.2905047337088038
9,arithmetic,F4,4.375669204495559,4.350753784016525,-0.024915420479034722
9,arithmetic,F7,4.380439257434079,4.126857264902456,-0.2535819925316236
9,arithmetic,F8,5.604635733799396,5.094448221116842,-0.5101875126825544
9,arithmetic,T3,4.635129569199647,4.162676272102329,-0.4724532970973172
9,arithmetic,T4,4.523057824557795,4.6859500357018895,0.16289221114409447
9,arithmetic,C3,4.3486359193384265,4.1798668554074885,-0.16876906393093805
9,arithmetic,C4,4.342379189287957,3.9095046091559778,-0.4328745801319793
9,arithmetic,T5,4.349829542492069,4.672405092416286,0.3225755499242169
9,arithmetic,T6,5.6303924238759855,4.995973968070636,-0.6344184558053492
9,arithmetic,P3,4.3620480196916,4.82289130096892,0.4608432812773202
9,arithmetic,P4,3.96671323358341,4.145972985981958,0.17925975239854797
9,arithmetic,O1,4.414267656016238,4.395737389977815,-0.01853026603842345
9,arithmetic,O2,4.382151625122513,4.318938240016614,-0.06321338510589936
9,arithmetic,Fz,4.409358072552581,3.966111940346978,-0.44324613220560316
9,arithmetic,Cz,5.145195543494833,4.230440896194265,-0.9147546473005681
9,arithmetic,Pz,4.03249688527304,4.0567690434260895,0.024272158153049617
10,rest,Fp1,3.416011576120791,3.5559475688491404,0.13993599272834922
10,rest,Fp2,3.032598723503931,3.015328855133424,-0.017269868370507258
10,rest,F3,3.6637266156529273,3.740628161885178,0.07690154623225087
10,rest,F4,3.828069530458599,3.899417987539684,0.07134845708108495
10,rest,F7,3.366616000904992,3.3546334786966394,-0.01198252220835272
10,rest,F8,4.217650815530504,4.250611243663602,0.03296042813309796
10,rest,T3,3.844778256949204,3.7889692400052697,-0.05580901694393425
10,rest,T4,3.902362432168872,3.8429035161118006,-0.05945891605707132
10,rest,C3,3.851272316454282,3.84411716826638,-0.007155148187901972
10,rest,C4,3.715665450373052,3.7695250878785953,0.05385963750554312
10,rest,T5,3.771770494447946,3.932161095728851,0.16039060128090465
10,rest,T6,4.738657626198347,4.385617826746853,-0.3530397994514942
10,rest,P3,3.834232206239579,3.837744616249521,0.0035124100099421796
10,rest,P4,3.856712181204997,3.6771555180495175,-0.1795566631554797
10,rest,O1,3.439033600306961,3.554603776350985,0.1155701760440242
10,rest,O2,3.602462781626183,3.4824859514841964,-0.11997683014198657
10,rest,Fz,3.6618161292370655,3.7591629669899422,0.09734683775287678
10,rest,Cz,3.798658647093254,3.752061906249972,-0.04659674084328236
10,rest,Pz,3.605807601865219,3.6091504350552297,0.003342833190010719
10,arithmetic,Fp1,4.291509291248704,4.53501105425005,0.24350176300134585
10,arithmetic,Fp2,3.7421774609449594,3.96640381154458,0.2242263505996207
10,arithmetic,F3,4.456563155502145,4.617075523129031,0.16051236762688514
10,arithmetic,F4,4.6039912446204845,4.508777680359057,-0.09521356426142713
10,arithmetic,F7,4.038747537357574,4.583115764355487,0.5443682269979124
10,arithmetic,F8,3.870752894554997,3.977480039438972,0.10672714488397483
10,arithmetic,T3,4.70162864863613,5.0792247796631935,0.37759613102706346
10,arithmetic,T4,4.256009115816055,4.865116312791881,0.6091071969758257
10,arithmetic,C3,4.309224159162813,4.697615504417835,0.3883913452550223
10,arithmetic,C4,4.542544674353266,4.752976561784924,0.21043188743165775
10,arithmetic,T5,4.697313338326993,5.19716232557728,0.4998489872502869
10,arithmetic,T6,4.753522571873908,5.095145948328149,0.34162337645424135
10,arithmetic,P3,4.078207363323037,4.555555279315037,0.47734791599199955
10,arithmetic,P4,4.046150382031527,4.297049440599412,0.2508990585678852
10,arithmetic,O1,4.029341332216445,4.293090801971739,0.263749469755294
10,arithmetic,O2,4.288902837238936,4.282997219441356,-0.005905617797580476
10,arithmetic,Fz,3.938045613920115,4.485606738697111,0.5475611247769963
10,arithmetic,Cz,4.640927678136074,4.590586465090333,-0.050341213045740574
10,arithmetic,Pz,3.9815410081345375,4.556110794038798,0.5745697859042602
11,rest,Fp1,3.322837386204645,3.424326180097374,0.10148879389272913
11,rest,Fp2,3.693888182211861,3.988862859833694,0.29497467762183316
11,rest,F3,4.143162314059422,4.124225548237677,-0.018936765821745638
11,rest,F4,3.944582569248208,3.966589912931427,0.02200734368321866
11,rest,F7,4.028915833182407,3.890637631973501,-0.1382782012089061
11,rest,F8,4.071313459859453,4.119812558537712,0.04849909867825897
11,rest,T3,4.059304245397579,4.464325090952991,0.40502084555541185
11,rest,T4,4.081954062480159,4.340040228999705,0.2580861665195453
11,rest,C3,3.85801998685641,4.0015403235466,0.1435203366901896
11,rest,C4,3.8695325356780543,4.039072019161463,0.1695394834834083
11,rest,T5,3.9975356045561217,4.226481955211542,0.2289463506554199
11,rest,T6,3.765222420478767,4.397753317122716,0.6325308966439493
11,rest,P3,3.725151994944358,3.9469236620316575,0.22177166708729956
11,rest,P4,3.2532476844688816,3.808923640984767,0.5556759565158855
11,rest,O1,3.724659815498238,4.213950179748685,0.4892903642504467
11,rest,O2,3.614877751817592,4.026595918382693,0.41171816656510085
11,rest,Fz,3.892539442064442,4.1253681360459735,0.2328286939815314
11,rest,Cz,3.954089016466425,3.9976071966351454,0.043518180168720555
11,rest,Pz,3.674381176495082,4.042932247194502,0.3685510706994197
11,arithmetic,Fp1,4.587742433406538,5.094751824710766,0.5070093913042282
11,arithmetic,Fp2,5.834542951361176,6.493988507116481,0.6594455557553047
11,arithmetic,F3,6.263188783593064,5.238344782591407,-1.0248440010016564
11,arithmetic,F4,5.1437283361928685,5.084121461861853,-0.05960687433101519
11,arithmetic,F7,5.083262910075947,5.088068848364842,0.004805938288894751
11,arithmetic,F8,5.053360034949113,5.223134707182393,0.16977467223328002
11,arithmetic,T3,4.964024661172949,5.268779155930603,0.30475449475765437
11,arithmetic,T4,5.1746404710193605,4.821205153125692,-0.3534353178936689
11,arithmetic,C3,4.471052857522659,4.605424578479462,0.1343717209568025
11,arithmetic,C4,5.488598667358208,5.172638989291371,-0.31595967806683767
11,arithmetic,T5,5.3561330813669015,4.822033608684037,-0.5340994726828647
11,arithmetic,T6,5.93846872004875,4.887711174857039,-1.0507575451917104
11,arithmetic,P3,4.61783824038706,4.44928246146867,-0.1685557789183907
11,arithmetic,P4,5.203775502389586,4.457572593589138,-0.7462029088004485
11,arithmetic,O1,5.458255899589547,4.661442213993026,-0.7968136855965211
11,arithmetic,O2,4.85572203971099,4.533774153333328,-0.3219478863776626
11,arithmetic,Fz,4.179193653640272,4.589446260167412,0.41025260652713946
11,arithmetic,Cz,4.804276434510188,4.619436303823753,-0.18484013068643446
11,arithmetic,Pz,4.657748922808357,4.2690879058898,-0.38866101691855626
12,rest,Fp1,4.195867755960914,4.406136886617855,0.21026913065694064
12,rest,Fp2,4.182304938992376,4.5271972432067455,0.3448923042143699
12,rest,F3,3.970999203811592,4.199358451845433,0.22835924803384122
12,rest,F4,4.491386472843839,3.99236781927322,-0.4990186535706189
12,rest,F7,4.3484217792267845,4.593031539669665,0.24460976044288074
12,rest,F8,4.423966331548599,4.620734803260951,0.19676847171235146
12,rest,T3,4.074956710125001,4.154650780335874,0.07969407021087349
12,rest,T4,6.727451185579179,4.947370111781424,-1.7800810737977546
12,rest,C3,3.785201708499351,3.911215028852214,0.12601332035286283
12,rest,C4,3.881792409012024,4.065052726844269,0.18326031783224472
12,rest,T5,4.270096006414197,4.377698002027845,0.10760199561364825
12,rest,T6,3.726519219377218,3.80943262299442,0.08291340361720234
12,rest,P3,4.252095837156759,4.25737798828142,0.0052821511246614605
12,rest,P4,3.820070342451355,3.779217486417952,-0.04085285603340294
12,rest,O1,3.692357710552137,3.752277353656418,0.05991964310428077
12,rest,O2,3.883670710013354,3.736286015816553,-0.14738469419680067
12,rest,Fz,4.518234464492198,4.294335208039691,-0.22389925645250752
12,rest,Cz,3.723997442643063,3.807700113381646,0.08370267073858306
12,rest,Pz,3.705474144847448,3.75325084437854,0.04777669953109198
12,arithmetic,Fp1,6.117122418033673,5.815628344086337,-0.3014940739473353
12,arithmetic,Fp2,5.392908628539337,5.484814529706499,0.09190590116716191
12,arithmetic,F3,5.19524836058548,5.208471911494663,0.013223550909183146
12,arithmetic,F4,5.045335336867915,5.13741470301533,0.09207936614741552
12,arithmetic,F7,7.301847449417352,6.19461315161906,-1.1072342977982919
12,arithmetic,F8,5.228006712809342,5.637418839103262,0.4094121262939199
12,arithmetic,T3,5.2394421573394965,5.069451911280781,-0.16999024605871504
12,arithmetic,T4,5.047134554398381,4.495681065640067,-0.5514534887583142
12,arithmetic,C3,4.476696384599169,4.433582552806353,-0.043113831792815915
12,arithmetic,C4,4.106395597663932,4.500868161880353,0.3944725642164215
12,arithmetic,T5,4.602675728334999,5.040641571907752,0.43796584357275314
12,arithmetic,T6,4.163670830104813,4.457941240395047,0.2942704102902338
12,arithmetic,P3,4.233405215911132,4.180024295929727,-0.053380919981404595
12,arithmetic,P4,4.003621276168136,3.99770093574762,-0.005920340420516368
12,arithmetic,O1,3.69583146098692,3.636822696148967,-0.05900876483795292
12,arithmetic,O2,3.6640263216428153,3.7727941225861703,0.10876780094335503
12,arithmetic,Fz,4.559356700902432,5.061205311978851,0.5018486110764186
12,arithmetic,Cz,4.256650657167082,4.619071399149598,0.3624207419825156
12,arithmetic,Pz,3.72540787049032,3.778686125856404,0.05327825536608399
13,rest,Fp1,4.514940684766951,4.448605931286237,-0.06633475348071372
13,rest,Fp2,4.437050504626494,4.47571007640564,0.038659571779146695
13,rest,F3,4.784373639353874,4.563731596330096,-0.2206420430237781
13,rest,F4,4.37126027716542,4.514466647255208,0.14320637008978832
13,rest,F7,3.6163194538231966,3.577604569123797,-0.038714884699399654
13,rest,F8,4.303132394196169,4.047226950810611,-0.2559054433855579
13,rest,T3,3.959553868056544,3.78204316242238,-0.17751070563416427
13,rest,T4,3.586448912860357,3.9031228174068135,0.3166739045464566
13,rest,C3,4.157049726934322,3.9371277276013545,-0.21992199933296774
13,rest,C4,4.435603970830106,4.337684293578488,-0.09791967725161754
13,rest,T5,4.774109037129105,4.771105026612915,-0.0030040105161903696
13,rest,T6,5.215372339389727,4.834859510738978,-0.3805128286507493
13,rest,P3,4.409246180669126,4.178803411340252,-0.23044276932887442
13,rest,P4,4.170482548967882,4.045533616432747,-0.12494893253513428
13,rest,O1,4.214472988528619,4.204783214985905,-0.009689773542714164
13,rest,O2,4.16337739020172,4.331697362006248,0.16831997180452785
13,rest,Fz,4.334973355355107,4.169835527487711,-0.16513782786739561
13,rest,Cz,4.162371148345385,4.007311693219361,-0.15505945512602448
13,rest,Pz,4.082024360754843,4.032442277213941,-0.04958208354090221
13,arithmetic,Fp1,3.602105718126869,3.246784259740555,-0.3553214583863138
13,arithmetic,Fp2,4.226984628631416,3.769341243165296,-0.45764338546611993
13,arithmetic,F3,3.794320930330228,3.8026397741484943,0.00831884381826642
13,arithmetic,F4,4.103930738466504,3.8398403684890874,-0.26409036997741664
13,arithmetic,F7,4.369481036496436,3.740273105934075,-0.6292079305623606
13,arithmetic,F8,3.55932351941167,3.8302904675832568,0.2709669481715866
13,arithmetic,T3,3.758597904497593,4.339885349200275,0.5812874447026819
13,arithmetic,T4,3.599035957226828,3.655174974475726,0.05613901724889825
13,arithmetic,C3,3.747876073486245,3.865454101563145,0.11757802807690032
13,arithmetic,C4,3.794632204567996,3.8586466225829934,0.06401441801499752
13,arithmetic,T5,4.407106523163835,4.487374690082076,0.08026816691824123
13,arithmetic,T6,4.485557833390056,4.326884283795242,-0.1586735495948135
13,arithmetic,P3,4.090480338223492,4.40601385367687,0.31553351545337804
13,arithmetic,P4,3.8930146634748106,4.1328864710775095,0.23987180760269888
13,arithmetic,O1,4.501692200948287,4.205395637488818,-0.2962965634594683
13,arithmetic,O2,4.048476926123398,4.200324431380082,0.15184750525668367
13,arithmetic,Fz,3.930103320843621,3.876049687074593,-0.05405363376902805
13,arithmetic,Cz,3.7699268910600656,3.928401491959404,0.1584746008993383
13,arithmetic,Pz,3.947310493810663,4.172927112402442,0.22561661859177873
14,rest,Fp1,4.131938198520636,4.149949901734837,0.01801170321420109
14,rest,Fp2,3.4131903649591675,3.437711541344384,0.02452117638521667
14,rest,F3,3.864608226904086,3.936162694217454,0.07155446731336834
14,rest,F4,3.86332326027307,3.892803658368417,0.02948039809534686
14,rest,F7,3.9070390458217834,3.805158280455156,-0.10188076536662738
14,rest,F8,3.833864252713471,3.693515378144117,-0.1403488745693542
14,rest,T3,3.805465141010754,3.8595484560568414,0.05408331504608732
14,rest,T4,3.837360305451601,4.172765938563494,0.33540563311189286
14,rest,C3,3.906902784053256,3.885327727739994,-0.021575056313262397
14,rest,C4,3.93741518737838,3.8614273039962974,-0.07598788338208262
14,rest,T5,4.019706164401702,4.183620875081973,0.1639147106802703
14,rest,T6,3.891215174214017,4.093399694748943,0.20218452053492575
14,rest,P3,3.979454731307793,4.024259937989635,0.04480520668184207
14,rest,P4,4.090397170409949,4.041377897928439,-0.049019272481509724
14,rest,O1,4.102258686838617,4.158209974713407,0.05595128787479009
14,rest,O2,4.089975885350902,4.218024883665704,0.1280489983148021
14,rest,Fz,3.602684472863346,3.668929278641239,0.06624480577789305
14,rest,Cz,3.759692338848885,3.8268618166766233,0.06716947782773808
14,rest,Pz,4.271820218091688,4.376078611558902,0.1042583934672141
14,arithmetic,Fp1,3.0604445449463413,3.269210104128764,0.20876555918242268
14,arithmetic,Fp2,3.1490390481057724,3.095027791948492,-0.05401125615728031
14,arithmetic,F3,3.818266398725992,3.9421244186693305,0.12385801994333834
14,arithmetic,F4,3.536830132524517,3.801425968098663,0.26459583557414623
14,arithmetic,F7,3.754731204485852,3.5899259877036727,-0.1648052167821792
14,arithmetic,F8,3.212366923341492,3.576453698575012,0.36408677523351995
14,arithmetic,T3,3.909246173393365,3.991059592371861,0.08181341897849581
14,arithmetic,T4,4.12710526928332,3.889598448053067,-0.23750682123025335
14,arithmetic,C3,3.939991399177978,4.182295136527962,0.24230373734998434
14,arithmetic,C4,3.622842223546943,3.811192154353984,0.18834993080704088
14,arithmetic,T5,4.106360804035293,4.328726679443605,0.22236587540831199
14,arithmetic,T6,3.939043096378146,4.691050331128785,0.7520072347506384
14,arithmetic,P3,4.506448606153625,4.288250081248018,-0.2181985249056071
14,arithmetic,P4,4.960565091568708,4.553220506187056,-0.40734458538165175
14,arithmetic,O1,4.525956781871382,4.5644335124723625,0.03847673060098078
14,arithmetic,O2,4.342447341667691,4.6163675052524535,0.2739201635847621
14,arithmetic,Fz,3.602827954643776,3.6870018972864815,0.0841739426427055
14,arithmetic,Cz,3.65240377142759,3.9801870870781584,0.3277833156505685
14,arithmetic,Pz,4.954716887418605,4.837473060238363,-0.11724382718024184
15,rest,Fp1,4.002363732327478,4.1652098094001495,0.16284607707267185
15,rest,Fp2,3.2769207861121523,3.251282400600656,-0.02563838551149633
15,rest,F3,3.981228817712793,4.164275503352171,0.18304668563937776
15,rest,F4,3.9736592811395206,3.9442005578225743,-0.029458723316946323
15,rest,F7,3.747770246663952,3.688657919965957,-0.059112326697995154
15,rest,F8,4.084142774838439,3.73573595737156,-0.34840681746687885
15,rest,T3,4.01216688962336,3.912467336026357,-0.09969955359700355
15,rest,T4,3.5998789788862857,3.793388990240653,0.19351001135436707
15,rest,C3,3.889671795648311,3.8850116330875735,-0.004660162560737646
15,rest,C4,3.76492660098664,3.85026705094578,0.08534044995914014
15,rest,T5,3.8539884861039098,3.852771535071572,-0.0012169510323376542
15,rest,T6,4.004272504610478,4.026350959999911,0.022078455389433316
15,rest,P3,3.5052139902679755,3.542956085396141,0.03774209512816551
15,rest,P4,3.6009704106565006,3.563317685891461,-0.03765272476503956
15,rest,O1,3.2597517178204685,3.4254100326571013,0.16565831483663285
15,rest,O2,3.420341786343937,3.5573101080496263,0.13696832170568918
15,rest,Fz,3.815149196059512,3.93369655730614,0.11854736124662812
15,rest,Cz,3.859394226202703,4.022075003224103,0.16268077702140005
15,rest,Pz,3.440615021702028,3.5156735093328733,0.07505848763084533
15,arithmetic,Fp1,6.399737931702878,5.091538053549802,-1.3081998781530766
15,arithmetic,Fp2,3.2360550587088155,3.290870103136951,0.05481504442813545
15,arithmetic,F3,5.637599676323789,4.950581181784305,-0.6870184945394842
15,arithmetic,F4,4.851430886040698,4.586929686476919,-0.26450119956377893
15,arithmetic,F7,3.85309101326545,3.721911425092361,-0.13117958817308928
15,arithmetic,F8,5.357017390124678,4.831375330217963,-0.5256420599067155
15,arithmetic,T3,4.486426480897368,4.865712211619727,0.3792857307223594
15,arithmetic,T4,4.2926350031566205,4.436522995617499,0.14388799246087824
15,arithmetic,C3,4.266724958868415,4.684085818341852,0.4173608594734368
15,arithmetic,C4,4.314383200265471,4.501183674531934,0.1868004742664624
15,arithmetic,T5,4.130807551001397,4.539356721109873,0.4085491701084756
15,arithmetic,T6,4.837681974375856,4.771258508963575,-0.0664234654122815
15,arithmetic,P3,4.646884763708728,4.551656538931734,-0.095228224776994
15,arithmetic,P4,4.111560874135136,4.330493942968654,0.21893306883351826
15,arithmetic,O1,4.323068686194926,4.338385761406543,0.01531707521161696
15,arithmetic,O2,4.365699065870011,4.275344484241824,-0.09035458162818699
15,arithmetic,Fz,4.272240025290019,4.75824166640208,0.4860016411120611
15,arithmetic,Cz,4.359478877114698,4.669601013520023,0.31012213640532504
15,arithmetic,Pz,4.063334166139695,4.308166535512592,0.24483236937289732
16,rest,Fp1,3.380382780757168,3.581769976893364,0.20138719613619616
16,rest,Fp2,3.328024274413693,3.422622466594393,0.09459819218069976
16,rest,F3,3.951880235112979,4.03512752843159,0.08324729331861125
16,rest,F4,4.11225680669716,4.123165653193016,0.010908846495856217
16,rest,F7,3.636394183238702,3.637860578716968,0.0014663954782658806
16,rest,F8,3.8538181461415824,3.99860042296373,0.14478227682214762
16,rest,T3,3.828593254082533,4.147393156152114,0.31879990206958064
16,rest,T4,4.064368901195519,4.642720782499447,0.5783518813039281
16,rest,C3,4.2001694478753,4.130690374406397,-0.06947907346890325
16,rest,C4,4.16337894721517,4.133643699954094,-0.029735247261076125
16,rest,T5,3.8365590725626233,4.069624420827674,0.23306534826505088
16,rest,T6,3.9809969161037553,4.853006103473293,0.8720091873695375
16,rest,P3,3.96005681389578,4.048491492720999,0.08843467882521949
16,rest,P4,3.755778046646743,3.876242005814247,0.12046395916750363
16,rest,O1,3.8502324942705854,3.806443579835992,-0.04378891443459354
16,rest,O2,3.5926639110461887,3.684894820230746,0.09223090918455723
16,rest,Fz,4.012273648967908,4.104478823170145,0.0922051742022365
16,rest,Cz,4.122384989072866,4.183225755393267,0.060840766320401585
16,rest,Pz,3.976796542562674,3.977613931109141,0.0008173885464670683
16,arithmetic,Fp1,5.75205175470885,5.966694286708456,0.2146425319996057
16,arithmetic,Fp2,6.799383077926276,5.472106650565175,-1.3272764273611006
16,arithmetic,F3,5.013468636588771,5.462826449639072,0.44935781305030176
16,arithmetic,F4,5.295568680436339,6.076163845987708,0.780595165551369
16,arithmetic,F7,5.999036951553065,5.948969187520142,-0.050067764032923456
16,arithmetic,F8,5.765896182207619,5.939545528713513,0.17364934650589348
16,arithmetic,T3,5.364472115362949,6.314963307685375,0.950491192322426
16,arithmetic,T4,5.6797507427563785,6.426450251894342,0.7466995091379633
16,arithmetic,C3,4.529746393050127,5.26343744846224,0.7336910554121134
16,arithmetic,C4,4.661027019900134,5.609423179722906,0.9483961598227726
16,arithmetic,T5,4.7532438004254844,5.595147230770547,0.841903430345063
16,arithmetic,T6,6.405733862036391,6.476422848918067,0.07068898688167558
16,arithmetic,P3,4.220423811676603,4.68296320822274,0.46253939654613774
16,arithmetic,P4,4.718449923956745,5.016913608725946,0.29846368476920127
16,arithmetic,O1,4.619844114094415,4.830032108288831,0.21018799419441603
16,arithmetic,O2,4.705605398388586,4.817563265802885,0.11195786741429892
16,arithmetic,Fz,5.560774021313538,5.17199189074466,-0.38878213056887834
16,arithmetic,Cz,4.91120478809196,5.468419363775404,0.5572145756834441
16,arithmetic,Pz,4.517244921516319,4.796760449811804,0.27951552829548465
17,rest,Fp1,4.85115772790014,4.890760449647606,0.03960272174746571
17,rest,Fp2,5.558020754292285,5.1902483343420345,-0.3677724199502501
17,rest,F3,4.659084605308131,4.641513225734488,-0.017571379573642965
17,rest,F4,4.284291765700658,4.297615334700462,0.013323568999804358
17,rest,F7,4.774860830091013,4.727482206197454,-0.04737862389355918
17,rest,F8,4.472343193218677,4.187330828457603,-0.28501236476107383
17,rest,T3,4.549694724980861,4.4653674050727865,-0.0843273199080743
17,rest,T4,4.376116053555221,4.283114672728147,-0.09300138082707399
17,rest,C3,4.459614243796674,4.244468758451106,-0.21514548534556788
17,rest,C4,4.317131942370904,4.112480370659644,-0.2046515717112598
17,rest,T5,4.486401727586987,4.438267466182452,-0.048134261404534584
17,rest,T6,4.057464509269172,4.071733625998979,0.014269116729806797
17,rest,P3,4.214052366852527,4.146569381650308,-0.06748298520221852
17,rest,P4,3.983168295460981,3.957429865076354,-0.025738430384627087
17,rest,O1,4.196329941324624,4.007970880086135,-0.1883590612384891
17,rest,O2,3.996852972251693,4.010714618185408,0.013861645933714861
17,rest,Fz,4.23590178261438,4.197407169935627,-0.03849461267875309
17,rest,Cz,4.140190019097847,4.004857608994524,-0.13533241010332375
17,rest,Pz,4.303310898053172,4.2781351891446215,-0.025175708908550476
17,arithmetic,Fp1,3.4834780617931296,3.862152050822784,0.3786739890296542
17,arithmetic,Fp2,3.8641393375608,4.39673384669223,0.5325945091314304
17,arithmetic,F3,3.721084363673835,4.307493869026492,0.5864095053526568
17,arithmetic,F4,3.827567362094204,4.286686358816697,0.4591189967224927
17,arithmetic,F7,3.7794540435607193,4.408570285667877,0.6291162421071577
17,arithmetic,F8,3.46841134215798,4.0424745480504685,0.5740632058924886
17,arithmetic,T3,4.7129095352421375,4.595333303637838,-0.11757623160429986
17,arithmetic,T4,5.047749394507435,4.709304529971048,-0.33844486453638734
17,arithmetic,C3,4.491550885593172,4.436465271837017,-0.05508561375615528
17,arithmetic,C4,4.253090694757082,4.417192987304853,0.16410229254777065
17,arithmetic,T5,5.901576171057334,5.236840642239005,-0.664735528818329
17,arithmetic,T6,3.9736950266329374,4.633355435308362,0.6596604086754243
17,arithmetic,P3,5.3538308428755865,4.833653528416935,-0.5201773144586515
17,arithmetic,P4,4.711608317027077,4.870759227565648,0.1591509105385711
17,arithmetic,O1,4.871147916892025,4.868032409034976,-0.00311550785704906
17,arithmetic,O2,4.485593767772295,5.05368643393971,0.5680926661674146
17,arithmetic,Fz,3.3856234630793214,4.252371538518299,0.866748075438978
17,arithmetic,Cz,4.243952342495349,4.505947469384952,0.26199512688960347
17,arithmetic,Pz,4.7601798793781525,4.756108949310277,-0.004070930067875622
18,rest,Fp1,4.338746175060379,4.362727298210825,0.023981123150446315
18,rest,Fp2,4.112868596392208,4.16732127356525,0.054452677173041586
18,rest,F3,4.214790943295851,4.147066793065842,-0.067724150230009
18,rest,F4,4.515977027065343,4.440044297229146,-0.07593272983619759
18,rest,F7,3.839372174368202,3.91378651918197,0.07441434481376774
18,rest,F8,4.141479869543872,4.050600657626959,-0.09087921191691262
18,rest,T3,4.071018085621259,4.068029111443838,-0.0029889741774207224
18,rest,T4,4.059163858757754,4.026627497400394,-0.03253636135735949
18,rest,C3,4.124313041108328,4.090507951724041,-0.03380508938428761
18,rest,C4,4.035951806896697,3.87782070742199,-0.15813109947470672
18,rest,T5,4.141417610497012,4.263771239223641,0.12235362872662936
18,rest,T6,4.096135151523708,4.076640025917594,-0.019495125606113994
18,rest,P3,3.993332360713176,4.091288579271086,0.09795621855790992
18,rest,P4,3.9029973400798834,3.830902373627442,-0.07209496645244151
18,rest,O1,4.025956363752588,3.983079924019573,-0.042876439733015026
18,rest,O2,3.86256941308233,3.9684269866710777,0.10585757358874792
18,rest,Fz,4.422930897999678,4.393550209452064,-0.02938068854761422
18,rest,Cz,4.071481735996192,4.027036809562341,-0.044444926433851784
18,rest,Pz,4.0656478262718005,3.880315624785003,-0.18533220148679774
18,arithmetic,Fp1,5.9868457936767445,5.514260066551385,-0.4725857271253595
18,arithmetic,Fp2,5.551086916173198,5.458616691847668,-0.0924702243255302
18,arithmetic,F3,4.60177430513544,5.166335466224411,0.5645611610889709
18,arithmetic,F4,5.729452573711982,5.43346389935048,-0.2959886743615021
18,arithmetic,F7,5.682067548436884,5.27296619695859,-0.4091013514782942
18,arithmetic,F8,5.452827061715542,5.309658529309092,-0.14316853240644978
18,arithmetic,T3,4.59487985903122,4.791459549180331,0.19657969014911103
18,arithmetic,T4,5.786367539633408,5.386844014046566,-0.3995235255868428
18,arithmetic,C3,4.515582048900985,4.828875558659799,0.31329350975881454
18,arithmetic,C4,4.666099920456214,4.655676996606058,-0.010422923850156529
18,arithmetic,T5,4.685637562776724,4.760676735687539,0.07503917291081486
18,arithmetic,T6,5.519593160908883,5.217895929902011,-0.3016972310068722
18,arithmetic,P3,4.189204654890279,4.72671394456539,0.5375092896751106
18,arithmetic,P4,4.521418417979111,4.8350739157678255,0.31365549778871493
18,arithmetic,O1,4.938331431510628,4.889726814442065,-0.04860461706856256
18,arithmetic,O2,4.567928347795244,4.773267904762686,0.20533955696744144
18,arithmetic,Fz,5.910269214320215,5.885132513950072,-0.02513670037014304
18,arithmetic,Cz,4.680973530742502,4.643512459474054,-0.03746107126844844
18,arithmetic,Pz,4.628302787790623,4.637422086085344,0.009119298294721467
19,rest,Fp1,4.67259745682201,4.778988615989573,0.10639115916756303
19,rest,Fp2,4.568810731686925,4.769218423823822,0.20040769213689646
19,rest,F3,4.563545707114229,4.56848612688873,0.0049404197745008815
19,rest,F4,4.601236311801829,4.564495282204541,-0.03674102959728831
19,rest,F7,4.721089752077193,4.783015168317606,0.061925416240413256
19,rest,F8,4.5773551872847165,4.846356688727788,0.26900150144307133
19,rest,T3,4.284314423420413,4.422657244914749,0.1383428214943363
19,rest,T4,4.858979491781461,4.823770423784584,-0.03520906799687662
19,rest,C3,4.245593312396316,4.298609942755043,0.0530166303587265
19,rest,C4,4.492685352152941,4.396723228109583,-0.09596212404335791
19,rest,T5,4.012317573995439,4.245154516269516,0.23283694227407725
19,rest,T6,3.727639054885034,3.832839574521648,0.1052005196366137
19,rest,P3,3.68142973400441,3.65484659860707,-0.02658313539734003
19,rest,P4,3.8209937040266384,3.6945622644576672,-0.12643143956897118
19,rest,O1,3.614747899244147,3.734465217927133,0.11971731868298585
19,rest,O2,3.77137454343942,3.7181638326347,-0.05321071080471995
19,rest,Fz,4.480681440064802,4.587647163718809,0.1069657236540067
19,rest,Cz,4.632993230679236,4.535546179296499,-0.09744705138273702
19,rest,Pz,3.733034105564931,3.71448334844668,-0.01855075711825105
19,arithmetic,Fp1,6.98156482155605,6.333840707462222,-0.6477241140938288
19,arithmetic,Fp2,6.867569824535265,6.94357639640321,0.07600657186794457
19,arithmetic,F3,5.567215395264026,4.852683477564828,-0.7145319176991975
19,arithmetic,F4,5.123252274144228,5.199275098831526,0.07602282468729804
19,arithmetic,F7,4.709906722174212,4.230446482301187,-0.479460239873025
19,arithmetic,F8,6.288966757097467,5.982990308294453,-0.30597644880301367
19,arithmetic,T3,5.050740204087549,4.97544144283779,-0.07529876124975843
19,arithmetic,T4,6.881948470630758,7.734604395753285,0.8526559251225274
19,arithmetic,C3,5.148976791777091,5.430525913562659,0.28154912178556746
19,arithmetic,C4,4.87608369514502,5.524654904817449,0.6485712096724292
19,arithmetic,T5,4.679086693106368,5.034957346068893,0.3558706529625253
19,arithmetic,T6,5.264426690462311,4.983256182994976,-0.2811705074673343
19,arithmetic,P3,4.45714274592044,4.501750619719728,0.0446078737992881
19,arithmetic,P4,4.877898566854554,4.950673085406597,0.07277451855204298
19,arithmetic,O1,4.7100157016623205,5.050931325755956,0.3409156240936353
19,arithmetic,O2,5.234654555367692,4.934646192829756,-0.3000083625379366
19,arithmetic,Fz,5.342827908312732,5.069900171640613,-0.272927736672119
19,arithmetic,Cz,5.430458077600403,5.472266233707015,0.041808156106611705
19,arithmetic,Pz,4.843367295321891,4.583527519983598,-0.2598397753382935
20,rest,Fp1,4.763935084789548,4.620972092728848,-0.14296299206070007
20,rest,Fp2,5.025010827666107,4.780269392781716,-0.24474143488439104
20,rest,F3,5.009214316568099,4.81724347382423,-0.19197084274386889
20,rest,F4,4.872062226560484,4.981884830047529,0.10982260348704553
20,rest,F7,5.507679652256532,5.425298396338252,-0.08238125591828016
20,rest,F8,5.374939417894329,5.320762261751329,-0.054177156143000005
20,rest,T3,3.5005251492916805,3.506968301839158,0.006443152547477737
20,rest,T4,4.2797891804509,4.383931336105275,0.10414215565437512
20,rest,C3,4.69546651999072,4.662310864886903,-0.03315565510381724
20,rest,C4,3.949453192537805,4.1280169678464445,0.17856377530863954
20,rest,T5,4.468285313695316,4.351512664497276,-0.11677264919803942
20,rest,T6,3.9404952645986993,4.200235887827438,0.25974062322873914
20,rest,P3,4.322019746809155,4.212402609850526,-0.1096171369586294
20,rest,P4,4.064158398026244,4.004225157283345,-0.05993324074289852
20,rest,O1,4.092509565066173,4.058179212549732,-0.034330352516441565
20,rest,O2,3.876191271488494,3.788632352482337,-0.08755891900615698
20,rest,Fz,4.1885239739874605,4.130829595242258,-0.05769437874520289
20,rest,Cz,4.22960156242431,4.051765487382751,-0.17783607504155974
20,rest,Pz,4.342140965383265,4.206528132807759,-0.13561283257550638
20,arithmetic,Fp1,5.796372552371399,5.036651610501771,-0.7597209418696282
20,arithmetic,Fp2,4.122575078789719,3.585284771708037,-0.5372903070816819
20,arithmetic,F3,5.296794290042855,4.900070949652186,-0.39672334039066914
20,arithmetic,F4,5.000533301483575,4.982616880521927,-0.01791642096164825
20,arithmetic,F7,5.691277919733357,4.90877185433195,-0.7825060654014075
20,arithmetic,F8,5.19618117359165,4.716939224504145,-0.4792419490875046
20,arithmetic,T3,3.822716259443801,3.8604122976303503,0.03769603818654943
20,arithmetic,T4,4.622246565655403,4.433922949451524,-0.1883236162038786
20,arithmetic,C3,4.49309906632226,4.940377403102151,0.44727833677989093
20,arithmetic,C4,5.085683930209032,4.701649790804449,-0.38403413940458275
20,arithmetic,T5,4.404817813311447,4.530576321850834,0.12575850853938686
20,arithmetic,T6,4.681157103932331,4.715695498923342,0.03453839499101097
20,arithmetic,P3,4.804328440807651,5.091118168870164,0.2867897280625131
20,arithmetic,P4,4.571182805091278,4.8537973306615845,0.2826145255703061
20,arithmetic,O1,4.798780601451655,5.035556295617025,0.23677569416536937
20,arithmetic,O2,4.586559983421272,4.241293724734249,-0.34526625868702254
20,arithmetic,Fz,5.213874864232047,4.883722612645253,-0.33015225158679407
20,arithmetic,Cz,4.635362976004124,4.461850553268036,-0.17351242273608847
20,arithmetic,Pz,5.817946323518134,5.09480538992722,-0.7231409335909138
21,rest,Fp1,3.710832205377306,3.933092814298431,0.22226060892112498
21,rest,Fp2,3.523756145080561,3.709087103984766,0.18533095890420492
21,rest,F3,4.017494102664271,4.097637113314654,0.08014301065038332
21,rest,F4,4.119240638966032,4.241735668344894,0.1224950293788627
21,rest,F7,4.0472284563455085,4.399544598056696,0.35231614171118775
21,rest,F8,3.9140191623067366,4.145981135271275,0.23196197296453835
21,rest,T3,4.0407735977363695,4.185953635497694,0.1451800377613246
21,rest,T4,3.973205290841847,4.0654349493691,0.09222965852725329
21,rest,C3,4.019214053365904,4.211854915676673,0.1926408623107685
21,rest,C4,4.093820830704115,4.132400592858337,0.038579762154221875
21,rest,T5,4.082270842459189,4.368898173897144,0.2866273314379555
21,rest,T6,4.14916197589821,4.353230699512571,0.20406872361436168
21,rest,P3,3.921335240521212,4.207609684745106,0.2862744442238938
21,rest,P4,4.04487956615729,4.18538135634419,0.14050179018690034
21,rest,O1,3.954687404841206,4.050969404944702,0.09628200010349586
21,rest,O2,3.815462186167121,4.084164176577454,0.2687019904103334
21,rest,Fz,3.965391643528097,4.357397805540302,0.39200616201220484
21,rest,Cz,4.147289034172605,4.43825696780806,0.29096793363545537
21,rest,Pz,4.108606148432716,4.332155923099797,0.22354977466708092
21,arithmetic,Fp1,4.227673072075309,4.449245394721551,0.22157232264624227
21,arithmetic,Fp2,3.974631143029073,4.463042126362484,0.4884109833334107
21,arithmetic,F3,4.616235717489803,4.725210677032888,0.10897495954308489
21,arithmetic,F4,5.096497290231454,5.459736622784358,0.3632393325529035
21,arithmetic,F7,4.132332177473412,4.414199769938237,0.28186759246482485
21,arithmetic,F8,4.267714929641151,4.829258152650257,0.5615432230091058
21,arithmetic,T3,5.059437713835877,4.82438289354845,-0.2350548202874263
21,arithmetic,T4,5.347761273638958,5.036764133234012,-0.31099714040494586
21,arithmetic,C3,5.152552826922635,5.136829230400775,-0.01572359652185984
21,arithmetic,C4,4.955389498484766,4.819044485159541,-0.13634501332522486
21,arithmetic,T5,4.808386179649645,5.014512868084627,0.20612668843498216
21,arithmetic,T6,5.19551871879271,5.020086455016314,-0.1754322637763961
21,arithmetic,P3,4.524276607623504,5.042593113184886,0.5183165055613816
21,arithmetic,P4,4.947489325932322,4.994369718730352,0.04688039279803036
21,arithmetic,O1,4.196654749827138,4.773396895815387,0.5767421459882494
21,arithmetic,O2,4.510042890467751,4.5950481163160894,0.08500522584833803
21,arithmetic,Fz,4.615288982024033,4.854113960072628,0.23882497804859515
21,arithmetic,Cz,5.569313440419879,4.999804828293291,-0.5695086121265884
21,arithmetic,Pz,5.358815261845541,4.965807240212097,-0.3930080216334435
22,rest,Fp1,4.624438606840477,4.564549021319627,-0.059889585520849664
22,rest,Fp2,4.710169081199916,4.570948646456256,-0.13922043474365964
22,rest,F3,4.4978811371518335,4.538600246034848,0.040719108883014776
22,rest,F4,4.152338475890132,4.088516985035679,-0.06382149085445299
22,rest,F7,4.409001852865991,4.409805595181161,0.0008037423151696643
22,rest,F8,5.11023150920156,4.665321030427884,-0.44491047877367595
22,rest,T3,4.400238168076955,4.384527562560956,-0.015710605515998566
22,rest,T4,3.433193213208619,3.6063205796082345,0.17312736639961557
22,rest,C3,4.249724587903553,4.299228069777521,0.049503481873967914
22,rest,C4,4.374261731712418,4.3129865882916825,-0.06127514342073592
22,rest,T5,4.362191914945204,4.411287189216174,0.049095274270969824
22,rest,T6,4.290291271666734,4.102791188914802,-0.18750008275193242
22,rest,P3,4.3156750482985045,4.173500797022818,-0.14217425127568628
22,rest,P4,4.224519803308371,4.00958651855133,-0.21493328475704043
22,rest,O1,3.6672458807547823,3.6810752555566695,0.013829374801887173
22,rest,O2,3.687455268840481,3.755129731100682,0.06767446226020102
22,rest,Fz,4.315693820059244,4.399567309665892,0.0838734896066482
22,rest,Cz,4.437901414106418,4.379175992615261,-0.05872542149115656
22,rest,Pz,4.180476288325568,3.94079115107986,-0.23968513724570828
22,arithmetic,Fp1,4.384170464086736,4.066480169820911,-0.31769029426582485
22,arithmetic,Fp2,4.662077273859502,4.228910811247134,-0.4331664626123679
22,arithmetic,F3,4.886278325451123,4.598108550884833,-0.2881697745662901
22,arithmetic,F4,5.325476046209899,4.427608813196458,-0.8978672330134412
22,arithmetic,F7,4.186297605037725,4.108168168772263,-0.07812943626546254
22,arithmetic,F8,5.07948888763338,4.75329834546468,-0.3261905421686997
22,arithmetic,T3,4.82763079724514,4.963577755108021,0.13594695786288113
22,arithmetic,T4,4.687356118098436,5.3754762462278025,0.6881201281293663
22,arithmetic,C3,5.292146994225879,5.110173867620456,-0.1819731266054232
22,arithmetic,C4,5.299539642685217,4.850282995341865,-0.44925664734335236
22,arithmetic,T5,5.581045478071219,5.153366852597313,-0.4276786254739058
22,arithmetic,T6,5.265736612922573,4.863285915854704,-0.4024506970678683
22,arithmetic,P3,5.070261291651289,4.455565805564686,-0.6146954860866032
22,arithmetic,P4,5.379411215868911,4.696043593028746,-0.6833676228401657
22,arithmetic,O1,5.292372651260987,5.213618277488716,-0.0787543737722709
22,arithmetic,O2,4.429208991770461,4.6163879191226815,0.1871789273522202
22,arithmetic,Fz,4.6059627675579655,4.674087059735595,0.06812429217762972
22,arithmetic,Cz,4.745666568227908,4.616282905744348,-0.12938366248356026
22,arithmetic,Pz,5.032784751135897,5.043115697696959,0.010330946561062149
23,rest,Fp1,3.582546586448658,3.5045952945217507,-0.0779512919269072
23,rest,Fp2,3.9743676505727694,3.753604871891727,-0.22076277868104244
23,rest,F3,3.973251151281308,3.962493619215514,-0.010757532065793995
23,rest,F4,3.8254854165979104,3.899664639725326,0.07417922312741565
23,rest,F7,3.6873380679888026,3.685186603643223,-0.002151464345579779
23,rest,F8,3.691830475548343,3.817956748828082,0.12612627327973902
23,rest,T3,3.993289649194644,3.987780997118304,-0.005508652076340326
23,rest,T4,4.734147866714026,4.690950693672817,-0.04319717304120907
23,rest,C3,3.802694146520481,3.84386940166214,0.04117525514165932
23,rest,C4,3.952790751154733,4.066731909847362,0.11394115869262889
23,rest,T5,3.781908423182206,3.895163172869669,0.11325474968746274
23,rest,T6,3.752745421399715,3.677991259263956,-0.07475416213575903
23,rest,P3,3.705188851891462,3.576068037189351,-0.129120814702111
23,rest,P4,3.604799394826648,3.680169746591113,0.07537035176446505
23,rest,O1,3.368140800609864,3.345689990931532,-0.022450809678332018
23,rest,O2,3.274672514536774,3.3756476307533605,0.10097511621658661
23,rest,Fz,3.856643647009932,3.8245258658982704,-0.032117781111661525
23,rest,Cz,3.856540690739541,3.883619128346492,0.027078437606951056
23,rest,Pz,3.654014100015719,3.624524880159863,-0.029489219855856064
23,arithmetic,Fp1,3.879152993129845,3.905963912549625,0.026810919419780088
23,arithmetic,Fp2,4.84919844078067,4.225967673443038,-0.623230767337632
23,arithmetic,F3,4.250509235929584,4.25839499475736,0.007885758827775646
23,arithmetic,F4,4.248248523176244,4.379667566933361,0.13141904375711722
23,arithmetic,F7,4.374389507523755,4.462177932500006,0.08778842497625039
23,arithmetic,F8,4.798251907621234,4.209429027083861,-0.5888228805373732
23,arithmetic,T3,4.400670132160783,4.345239240427088,-0.05543089173369431
23,arithmetic,T4,5.213589151319371,5.29410121434484,0.08051206302546898
23,arithmetic,C3,4.759450686748462,4.331859210351233,-0.42759147639722883
23,arithmetic,C4,4.24852553379671,4.24498550692354,-0.003540026873169566
23,arithmetic,T5,4.413208578115462,4.556304006041636,0.14309542792617425
23,arithmetic,T6,4.679823692034955,4.757697745128298,0.07787405309334261
23,arithmetic,P3,4.185740658514307,4.406175901232315,0.22043524271800763
23,arithmetic,P4,3.855985272943085,4.341738695224144,0.48575342228105933
23,arithmetic,O1,3.469257087372534,4.168020530472554,0.6987634431000203
23,arithmetic,O2,3.3251941124706224,3.954263730530546,0.6290696180599236
23,arithmetic,Fz,4.594240491128334,4.426404126126005,-0.16783636500232824
23,arithmetic,Cz,4.309258701614101,4.320304342349222,0.011045640735121154
23,arithmetic,Pz,4.1237257779490415,4.513699736750092,0.38997395880105046
24,rest,Fp1,3.856050585076945,3.9193251111071,0.06327452603015526
24,rest,Fp2,3.9119560913969855,4.091635937903496,0.1796798465065108
24,rest,F3,4.411958691769225,4.675039881708756,0.26308118993953045
24,rest,F4,3.9183945463498335,4.126976047351692,0.2085815010018588
24,rest,F7,3.7361939506798336,3.8200873506031634,0.08389339992332978
24,rest,F8,3.783181549181837,3.8969586860466174,0.11377713686478064
24,rest,T3,4.0580610301633655,4.157943109493888,0.09988207933052262
24,rest,T4,3.799643473465959,4.02514634167403,0.22550286820807086
24,rest,C3,3.963680308207799,4.249912039470454,0.2862317312626548
24,rest,C4,3.781585515680281,4.196355324940432,0.4147698092601515
24,rest,T5,3.984773751632471,4.445367672481662,0.4605939208491914
24,rest,T6,4.291996049298529,4.530161629857799,0.2381655805592704
24,rest,P3,3.791215602179759,4.053730106555539,0.26251450437578017
24,rest,P4,3.768623260503299,4.07353445331301,0.3049111928097106
24,rest,O1,3.8153721173780575,4.077494106850822,0.26212198947276466
24,rest,O2,3.568025801653328,3.8993604374782818,0.3313346358249536
24,rest,Fz,4.391922734753671,4.470457447235921,0.07853471248224952
24,rest,Cz,3.853266627423608,4.232174043891208,0.37890741646759984
24,rest,Pz,3.795192356688129,4.028963218512418,0.23377086182428908
24,arithmetic,Fp1,3.406216931564228,4.329502396741132,0.923285465176904
24,arithmetic,Fp2,4.706292639988376,4.971569752537458,0.2652771125490814
24,arithmetic,F3,4.907347277825931,4.989045147263816,0.08169786943788537
24,arithmetic,F4,4.997753469117055,4.9730059014597465,-0.024747567657308345
24,arithmetic,F7,4.368678396552471,4.673769154229388,0.3050907576769175
24,arithmetic,F8,3.744477552195381,4.08035994322503,0.33588239102964934
24,arithmetic,T3,5.48485004143631,5.102014163531951,-0.382835877904359
24,arithmetic,T4,3.785675988820799,4.266207555478375,0.480531566657576
24,arithmetic,C3,4.926310283252681,5.025607550540593,0.09929726728791177
24,arithmetic,C4,4.754331386497231,5.2992873454143785,0.5449559589171473
24,arithmetic,T5,5.510953891718877,5.908318728894196,0.3973648371753189
24,arithmetic,T6,4.68895026177414,4.7454434209560015,0.05649315918186115
24,arithmetic,P3,4.93240020643466,5.515629112492482,0.5832289060578217
24,arithmetic,P4,4.74784535363111,4.810537167686279,0.0626918140551691
24,arithmetic,O1,4.780939763038338,5.270732752875399,0.48979298983706077
24,arithmetic,O2,4.303279346471132,4.972983907273338,0.6697045608022067
24,arithmetic,Fz,5.002163229247613,4.967677259104879,-0.034485970142734246
24,arithmetic,Cz,4.66802303528254,4.850197573226878,0.1821745379443378
24,arithmetic,Pz,4.555720384998563,5.023995736854864,0.46827535185630076
25,rest,Fp1,2.7794497602577355,2.9060101883214915,0.126560428063756
25,rest,Fp2,2.6721950423849203,2.738086634526495,0.06589159214157458
25,rest,F3,3.636030850398708,3.640782893808131,0.0047520434094225905
25,rest,F4,3.602825505973858,3.6731433774104,0.07031787143654178
25,rest,F7,3.7762695308141434,3.892986443181943,0.1167169123677998
25,rest,F8,3.6225262752667855,3.5904808793153618,-0.03204539595142375
25,rest,T3,3.8032922865598886,3.8528874025491993,0.049595115989310656
25,rest,T4,3.89522134138005,3.8073108435629504,-0.08791049781709948
25,rest,C3,3.5217688501123945,3.566381409947324,0.0446125598349294
25,rest,C4,3.421773891952812,3.4433519090615525,0.02157801710874052
25,rest,T5,3.732506619960883,3.739965196530175,0.0074585765692920525
25,rest,T6,3.6774295863041218,3.722974568779445,0.04554498247532335
25,rest,P3,3.325182450495209,3.332595375702564,0.007412925207355148
25,rest,P4,3.317597823668681,3.3102320000524217,-0.007365823616259259
25,rest,O1,3.728178727471249,3.670201550772332,-0.057977176698917
25,rest,O2,3.525801782408094,3.5528615415594755,0.0270597591513817
25,rest,Fz,3.6114775947448408,3.655550205343797,0.044072610598956174
25,rest,Cz,3.396854402732559,3.449364959538193,0.05251055680563388
25,rest,Pz,3.380360634178325,3.304378368924142,-0.07598226525418283
25,arithmetic,Fp1,2.934500207513536,3.5254155022527263,0.5909152947391902
25,arithmetic,Fp2,3.1559103800098915,3.291881234265,0.13597085425510835
25,arithmetic,F3,4.187013899647448,4.1784289646748665,-0.008584934972581948
25,arithmetic,F4,3.918420985183397,4.014926332747773,0.09650534756437645
25,arithmetic,F7,4.165858374446207,4.719023824423123,0.5531654499769152
25,arithmetic,F8,4.202030325579797,3.889837177041536,-0.3121931485382605
25,arithmetic,T3,4.579582400719395,4.597981023563317,0.018398622843922574
25,arithmetic,T4,5.407058192387462,4.857737634602762,-0.5493205577847
25,arithmetic,C3,4.050706634076111,3.954337255797201,-0.09636937827890968
25,arithmetic,C4,3.899704604071893,4.170156246424368,0.27045164235247565
25,arithmetic,T5,4.523249187788162,4.034347621894652,-0.4889015658935101
25,arithmetic,T6,4.227940833861993,4.013015801516983,-0.21492503234501026
25,arithmetic,P3,4.245936491018139,3.795027787295015,-0.4509087037231243
25,arithmetic,P4,4.368375131955232,3.670575778714112,-0.6977993532411202
25,arithmetic,O1,4.06531452092465,4.235499095222387,0.17018457429773726
25,arithmetic,O2,3.7152384168014616,4.070792387065474,0.35555397026401225
25,arithmetic,Fz,3.951890396618045,3.7913745024063714,-0.16051589421167378
25,arithmetic,Cz,3.7449180522399432,4.046709118987618,0.30179106674767464
25,arithmetic,Pz,4.016380092221494,3.971483948736006,-0.04489614348548843
26,rest,Fp1,3.5840855238884006,3.6105329047579855,0.02644738086958487
26,rest,Fp2,3.378026270633228,3.880717532048635,0.5026912614154071
26,rest,F3,3.7562636507891582,3.841053781527482,0.08479013073832364
26,rest,F4,3.918592324439647,3.878260174412547,-0.04033215002709989
26,rest,F7,3.914439565338176,3.678906352919385,-0.23553321241879122
26,rest,F8,3.59354348932211,3.558141447541609,-0.03540204178050077
26,rest,T3,3.9357717596396298,3.951982675791276,0.01621091615164616
26,rest,T4,3.8070816004604726,3.8880990931092216,0.08101749264874902
26,rest,C3,3.749049665079904,3.721837665599381,-0.027211999480523108
26,rest,C4,3.65998309254688,3.724654929217607,0.06467183667072707
26,rest,T5,3.7694151707599817,3.703354342563753,-0.06606082819622872
26,rest,T6,3.799961510909577,3.809325125999992,0.009363615090415056
26,rest,P3,3.6026093408213185,3.625542855010672,0.02293351418935341
26,rest,P4,3.5584278025757663,3.666289472523445,0.10786166994767887
26,rest,O1,3.4265751821884773,3.532568584182224,0.10599340199374652
26,rest,O2,3.441451959654579,3.443692294988025,0.0022403353334459197
26,rest,Fz,3.705420518692709,3.771451849866833,0.06603133117412385
26,rest,Cz,3.679982285415616,3.780769136417336,0.10078685100172002
26,rest,Pz,3.5755368441657454,3.715682683467332,0.14014583930158686
26,arithmetic,Fp1,3.89329840302982,3.817853470974104,-0.07544493205571579
26,arithmetic,Fp2,3.157555147082019,3.8972070222425104,0.7396518751604915
26,arithmetic,F3,4.071112921618286,4.138384742076575,0.06727182045828872
26,arithmetic,F4,4.4023303098565725,4.322815403818357,-0.07951490603821565
26,arithmetic,F7,3.5057172916724904,3.791434115395475,0.2857168237229848
26,arithmetic,F8,3.4312917885822265,3.670399799431439,0.23910801084921252
26,arithmetic,T3,4.619334884925169,4.34605945371856,-0.273275431206609
26,arithmetic,T4,4.393127079861848,4.089209679746985,-0.30391740011486235
26,arithmetic,C3,3.856659599494588,3.913863950674891,0.05720435118030309
26,arithmetic,C4,3.61982518283978,3.925871075443974,0.30604589260419424
26,arithmetic,T5,4.234781025141427,4.311478417370774,0.07669739222934702
26,arithmetic,T6,4.342714154707668,4.381975921617927,0.03926176691025862
26,arithmetic,P3,4.340770336132308,4.03632165598892,-0.30444868014338766
26,arithmetic,P4,4.424682853593712,4.6150888494163125,0.19040599582260054
26,arithmetic,O1,3.8261120740270624,3.8163769286501465,-0.009735145376915888
26,arithmetic,O2,4.121225947130967,3.889463195599607,-0.2317627515313605
26,arithmetic,Fz,3.864226608194776,3.940599346321741,0.07637273812696499
26,arithmetic,Cz,4.146737467676582,4.121112110483013,-0.025625357193568732
26,arithmetic,Pz,4.317928724864185,4.361829815387735,0.0439010905235504
27,rest,Fp1,3.8716211488448,4.068011406275036,0.1963902574302363
27,rest,Fp2,5.187679291341989,5.133371401828946,-0.05430788951304333
27,rest,F3,3.9171303973056015,4.118665742157478,0.20153534485187619
27,rest,F4,4.288814459683914,4.346860706665507,0.05804624698159255
27,rest,F7,4.094474560016549,4.295891212446819,0.20141665243027074
27,rest,F8,5.3907001552680525,5.163489488362762,-0.22721066690529046
27,rest,T3,4.165380748955919,4.3020272530052575,0.1366465040493381
27,rest,T4,4.640896350962138,4.786399328794167,0.14550297783202915
27,rest,C3,4.046274296749225,4.133868067420296,0.08759377067107099
27,rest,C4,4.317187282561986,4.403163350299154,0.08597606773716837
27,rest,T5,4.157556274479974,4.431547562898937,0.27399128841896303
27,rest,T6,4.154149319268648,4.375970740363699,0.22182142109505065
27,rest,P3,4.051957775640699,4.223449948780702,0.17149217314000254
27,rest,P4,4.177947058526117,4.355382532855993,0.17743547432987583
27,rest,O1,3.9090002433330326,3.855277945822618,-0.053722297510414574
27,rest,O2,3.7545250533106738,3.8671956645636216,0.11267061125294786
27,rest,Fz,3.991895715841409,4.091687106423616,0.0997913905822072
27,rest,Cz,4.208806101932433,4.349725190116796,0.14091908818436316
27,rest,Pz,4.07286442551295,4.269965214092433,0.19710078857948243
27,arithmetic,Fp1,5.436237328189667,4.884458379828004,-0.5517789483616626
27,arithmetic,Fp2,5.940891981148165,6.045140901413369,0.10424892026520372
27,arithmetic,F3,5.401150158874988,4.330458642906841,-1.0706915159681474
27,arithmetic,F4,5.122327302975135,4.546622990270916,-0.575704312704219
27,arithmetic,F7,6.171897278342976,5.325021652418657,-0.8468756259243184
27,arithmetic,F8,7.205247210037575,6.138627593829546,-1.0666196162080288
27,arithmetic,T3,6.065005924377392,4.992728090981307,-1.0722778333960843
27,arithmetic,T4,8.025284389932532,6.093289429913597,-1.931994960018935
27,arithmetic,C3,4.943019609477881,4.444202643638426,-0.49881696583945523
27,arithmetic,C4,5.822460708388025,4.555979585202435,-1.2664811231855904
27,arithmetic,T5,4.47054837304916,4.875071298908996,0.40452292585983596
27,arithmetic,T6,5.026496999330086,4.715798137362518,-0.3106988619675679
27,arithmetic,P3,5.116044422259358,4.446131578092654,-0.6699128441667037
27,arithmetic,P4,4.5263184761562405,4.870500621217986,0.3441821450617457
27,arithmetic,O1,5.029505878570142,5.1750430597617125,0.14553718119157022
27,arithmetic,O2,5.14221112621435,4.757040319116281,-0.38517080709806883
27,arithmetic,Fz,5.206087331492112,4.194960685744133,-1.0111266457479795
27,arithmetic,Cz,4.53579798716676,4.557973820137672,0.022175832970911635
27,arithmetic,Pz,5.09353220255977,4.562204748942172,-0.5313274536175978
28,rest,Fp1,4.124585250386495,4.09818768446905,-0.026397565917445576
28,rest,Fp2,4.406944012727974,4.212698784959381,-0.19424522776859376
28,rest,F3,4.200889481181461,3.989240535831617,-0.21164894534984402
28,rest,F4,4.53092878580262,4.218808726612015,-0.3121200591906046
28,rest,F7,4.03067294849626,4.156748143904845,0.12607519540858458
28,rest,F8,4.200283105917996,4.236780710476266,0.03649760455826989
28,rest,T3,4.24556220954713,4.254570144609943,0.0090079350628125
28,rest,T4,4.048075186533642,4.206305628655155,0.15823044212151327
28,rest,C3,4.600883289204845,4.443809244520281,-0.15707404468456332
28,rest,C4,4.445931127497343,4.302143302485082,-0.14378782501226084
28,rest,T5,4.51218223927142,4.429425079217202,-0.08275716005421785
28,rest,T6,4.054390802793049,3.8602930618425546,-0.19409774095049404
28,rest,P3,4.245721144751438,4.231268526951814,-0.014452617799624257
28,rest,P4,4.192826762515051,4.182753561105149,-0.01007320140990231
28,rest,O1,4.046240864575282,4.082331832246318,0.03609096767103637
28,rest,O2,3.8559315294626906,3.80841084925099,-0.04752068021170075
28,rest,Fz,4.091039220632581,4.014385974857839,-0.0766532457747422
28,rest,Cz,4.495253223927798,4.395816369758128,-0.09943685416966996
28,rest,Pz,4.065722459660906,4.173380158111256,0.10765769845035056
28,arithmetic,Fp1,6.332263807257981,5.093356631450126,-1.2389071758078547
28,arithmetic,Fp2,4.434012251967707,4.798488281887944,0.36447602992023675
28,arithmetic,F3,4.520140005463486,4.656201131808975,0.1360611263454885
28,arithmetic,F4,4.229537775133473,4.703037033478325,0.4734992583448525
28,arithmetic,F7,5.660892585917729,5.73015420197965,0.0692616160619206
28,arithmetic,F8,4.534253174679529,5.075520346820227,0.5412671721406976
28,arithmetic,T3,4.687379838973645,5.1271553932524645,0.4397755542788193
28,arithmetic,T4,5.080822882265742,4.835116440774749,-0.2457064414909924
28,arithmetic,C3,5.626602321043533,4.83765989862012,-0.7889424224234132
28,arithmetic,C4,5.431310302050715,4.945070808724752,-0.4862394933259626
28,arithmetic,T5,5.309359068962713,5.112498166204995,-0.1968609027577175
28,arithmetic,T6,5.922718970072927,5.542029647167962,-0.3806893229049644
28,arithmetic,P3,5.30380055598752,5.108674287129323,-0.19512626885819717
28,arithmetic,P4,4.77133348006401,4.951658625410153,0.18032514534614297
28,arithmetic,O1,4.864373468999941,5.093975869167196,0.22960240016725564
28,arithmetic,O2,4.42929297687256,4.6893300759099565,0.2600370990373966
28,arithmetic,Fz,4.38286035671407,4.965655816531379,0.5827954598173095
28,arithmetic,Cz,4.84621270672083,4.953060007027902,0.10684730030707179
28,arithmetic,Pz,5.128398140148144,4.669761720703726,-0.45863641944441813
29,rest,Fp1,3.8907189404825218,3.817003514409864,-0.07371542607265757
29,rest,Fp2,3.890815995876215,4.021113554421958,0.13029755854574265
29,rest,F3,4.093355631630885,4.018448299585956,-0.07490733204492894
29,rest,F4,4.201296714939948,4.23132333757618,0.030026622636231792
29,rest,F7,4.161088542134395,4.084833414473887,-0.07625512766050768
29,rest,F8,4.366052408701335,4.254956289207721,-0.11109611949361398
29,rest,T3,4.30883153245901,4.03252109914192,-0.27631043331709026
29,rest,T4,4.383444998707464,4.159047510858686,-0.224397487848778
29,rest,C3,4.267234230942635,4.155183619569557,-0.11205061137307837
29,rest,C4,4.245663152755533,4.2138518691117,-0.03181128364383312
29,rest,T5,3.975499459369799,4.121083028088173,0.14558356871837397
29,rest,T6,3.764613269535572,3.748230357215394,-0.016382912320177745
29,rest,P3,3.792169951657864,3.769856679126633,-0.022313272531230943
29,rest,P4,3.6295682434915593,3.610869558938377,-0.018698684553182243
29,rest,O1,3.3699046788536804,3.55867215105164,0.18876747219795975
29,rest,O2,3.2736251372804577,3.475973649769083,0.2023485124886255
29,rest,Fz,4.145295150515042,4.114731335184675,-0.03056381533036756
29,rest,Cz,4.181011953898092,4.106347852401609,-0.07466410149648262
29,rest,Pz,3.674419879325174,3.630209603558419,-0.04421027576675485
29,arithmetic,Fp1,4.729342125002508,5.145414192124469,0.4160720671219611
29,arithmetic,Fp2,4.951482215249778,5.246346774864106,0.2948645596143278
29,arithmetic,F3,4.742663461040536,5.169191813681049,0.4265283526405135
29,arithmetic,F4,5.336504560902621,5.008311883262541,-0.32819267764007964
29,arithmetic,F7,4.8575274485109725,4.981584619761934,0.1240571712509615
29,arithmetic,F8,4.723839625112788,5.063764674259908,0.3399250491471202
29,arithmetic,T3,4.703961953014705,4.834613306948519,0.1306513539338141
29,arithmetic,T4,5.100326004452734,5.132639215586063,0.032313211133328856
29,arithmetic,C3,4.614158885288441,4.805892317505943,0.19173343221750194
29,arithmetic,C4,4.456100370180601,4.916119407907323,0.46001903772672215
29,arithmetic,T5,5.118882703627184,4.779676943832602,-0.33920575979458256
29,arithmetic,T6,4.499492105659424,4.521914802601161,0.02242269694173693
29,arithmetic,P3,4.514041236051913,4.448480770929468,-0.06556046512244507
29,arithmetic,P4,4.010015093035593,4.139769019600931,0.12975392656533824
29,arithmetic,O1,3.828927345997566,4.103809458733309,0.27488211273574326
29,arithmetic,O2,4.12238736580179,3.854306888114936,-0.2680804776868544
29,arithmetic,Fz,4.570550212999335,5.19821018116958,0.6276599681702448
29,arithmetic,Cz,4.84047490859038,4.801627369914097,-0.03884753867628277
29,arithmetic,Pz,4.026015360341448,4.219735172665311,0.19371981232386304
30,rest,Fp1,4.584723028498541,4.499696023301911,-0.08502700519662998
30,rest,Fp2,4.663738416274404,4.776486183484722,0.1127477672103181
30,rest,F3,4.419163544341822,4.520689926610023,0.10152638226820176
30,rest,F4,4.442808969903162,4.432334033926097,-0.010474935977065059
30,rest,F7,4.345063483240226,4.30184426949198,-0.04321921374824633
30,rest,F8,4.064432095545488,4.189216457353132,0.1247843618076443
30,rest,T3,4.660178403017142,4.424771709867663,-0.23540669314947849
30,rest,T4,4.109774210282914,4.092468406020206,-0.017305804262707447
30,rest,C3,4.075833857835533,4.1328947479843325,0.05706089014879989
30,rest,C4,3.9733347870866766,4.175719625869376,0.2023848387826992
30,rest,T5,4.381562795301663,4.25797641180729,-0.12358638349437356
30,rest,T6,4.736056139273014,4.784304055407215,0.04824791613420132
30,rest,P3,3.881798042597101,3.966711730528489,0.0849136879313881
30,rest,P4,3.65201171196839,3.682784507799024,0.03077279583063408
30,rest,O1,3.7912729599956014,3.729512539834264,-0.061760420161337315
30,rest,O2,3.648541868457205,3.693206932004016,0.0446650635468111
30,rest,Fz,4.300371646619082,4.494153710383963,0.19378206376488105
30,rest,Cz,4.40559716980802,4.2930413874512245,-0.11255578235679575
30,rest,Pz,3.7653118789676143,3.734163010517931,-0.03114886844968323
30,arithmetic,Fp1,3.874634440017707,3.198671513739332,-0.6759629262783751
30,arithmetic,Fp2,3.734239355446479,3.491487306886006,-0.24275204856047283
30,arithmetic,F3,5.035349602907203,4.318633294873371,-0.7167163080338321
30,arithmetic,F4,4.477594725793248,4.377486447654962,-0.10010827813828538
30,arithmetic,F7,3.97055221031018,3.4450938780689104,-0.5254583322412696
30,arithmetic,F8,3.6465826647100807,3.4777537994860896,-0.1688288652239911
30,arithmetic,T3,4.642561460888955,4.612818996130468,-0.029742464758487408
30,arithmetic,T4,5.242348125160819,4.529229871118872,-0.7131182540419472
30,arithmetic,C3,4.896596660413886,4.720827602722765,-0.17576905769112106
30,arithmetic,C4,5.115879662503676,4.5607669397529,-0.5551127227507768
30,arithmetic,T5,5.265576868700332,4.663628625737872,-0.6019482429624601
30,arithmetic,T6,5.487623820910802,5.870004020066486,0.38238019915568433
30,arithmetic,P3,4.520774327368284,4.595791730566613,0.07501740319832884
30,arithmetic,P4,4.214516049853012,4.505043874351705,0.2905278244986933
30,arithmetic,O1,4.50779972833295,4.521418821614407,0.013619093281457495
30,arithmetic,O2,4.425015813801701,4.163223455814106,-0.2617923579875949
30,arithmetic,Fz,5.366212511040486,4.516073519231548,-0.8501389918089384
30,arithmetic,Cz,5.06445164738661,5.105178967005413,0.04072731961880294
30,arithmetic,Pz,4.372933877294136,4.454048156054694,0.0811142787605581
31,rest,Fp1,4.03645319153061,4.183873143455483,0.14741995192487334
31,rest,Fp2,3.417759805997517,3.430365852040332,0.012606046042815233
31,rest,F3,4.378694832520987,3.979054240756101,-0.39964059176488576
31,rest,F4,4.527810434090928,4.266322138673392,-0.2614882954175366
31,rest,F7,3.964554568134575,3.997219406442524,0.03266483830794886
31,rest,F8,4.140095668244833,3.955859168472115,-0.18423649977271817
31,rest,T3,4.492624764733948,4.301497143011414,-0.1911276217225346
31,rest,T4,3.7720185733698735,3.7201286482837848,-0.051889925086088695
31,rest,C3,4.393270916705775,4.364750390242939,-0.028520526462835427
31,rest,C4,3.6839646907651376,3.8775220391435887,0.19355734837845118
31,rest,T5,3.9936643530577847,3.8826049787978607,-0.11105937425992396
31,rest,T6,4.032317778825775,3.784117734146605,-0.24820004467917034
31,rest,P3,4.544062408176231,4.17436409456489,-0.369698313611341
31,rest,P4,3.886362103599241,4.116905229026155,0.23054312542691457
31,rest,O1,4.198345631863569,4.310108546213451,0.11176291434988173
31,rest,O2,4.368365968051933,4.323199970548115,-0.04516599750381811
31,rest,Fz,4.12292174482663,3.936700700114647,-0.18622104471198364
31,rest,Cz,4.353288528371589,4.325030615810518,-0.02825791256107113
31,rest,Pz,4.087787562272928,4.146620132647325,0.058832570374396376
31,arithmetic,Fp1,5.809027804120967,5.319124392632401,-0.48990341148856587
31,arithmetic,Fp2,4.5315860728097865,4.661189155706566,0.12960308289677958
31,arithmetic,F3,4.864618400452843,4.755955085881542,-0.1086633145713014
31,arithmetic,F4,4.838086062241457,4.635805959049344,-0.20228010319211265
31,arithmetic,F7,5.555420263766269,5.575941324072433,0.020521060306164074
31,arithmetic,F8,4.959281515078716,4.57980980240974,-0.37947171266897683
31,arithmetic,T3,5.204659280180104,5.173528627312376,-0.03113065286772798
31,arithmetic,T4,4.676272801915473,4.976348893460759,0.3000760915452867
31,arithmetic,C3,4.883470160767696,4.551535308587292,-0.33193485218040397
31,arithmetic,C4,3.95990825201609,4.203575755236266,0.24366750322017605
31,arithmetic,T5,4.237356726254938,4.1800911942146834,-0.05726553204025464
31,arithmetic,T6,4.773266123530263,4.872259793995263,0.09899367046500007
31,arithmetic,P3,4.832924332212997,4.733319334324878,-0.09960499788811905
31,arithmetic,P4,4.478606739088593,4.4683520491007656,-0.010254689987827525
31,arithmetic,O1,4.993639781825538,5.049652958934216,0.056013177108678036
31,arithmetic,O2,4.593678820500172,4.640476158379712,0.046797337879539214
31,arithmetic,Fz,4.435488801614588,4.356509534390535,-0.07897926722405302
31,arithmetic,Cz,5.0632629250288295,4.352886772666274,-0.7103761523625556
31,arithmetic,Pz,4.881964593100235,4.489970726593212,-0.39199386650702284
32,rest,Fp1,3.894116785194489,4.047576458216242,0.15345967302175323
32,rest,Fp2,3.729447696702349,3.616131303901029,-0.11331639280132011
32,rest,F3,3.7467060616957335,3.922670076195336,0.17596401449960242
32,rest,F4,3.749577614645599,3.817364973346832,0.0677873587012332
32,rest,F7,3.75711912159138,3.795420570540125,0.03830144894874499
32,rest,F8,3.68081686823937,3.5934811701486824,-0.08733569809068742
32,rest,T3,3.6014637575655497,3.893433096772092,0.29196933920654233
32,rest,T4,3.677348193802141,3.808011451740674,0.13066325793853295
32,rest,C3,3.7179454898243702,3.849736247300345,0.1317907574759749
32,rest,C4,3.7766192447653255,3.759776980104316,-0.016842264661009576
32,rest,T5,4.040345725717444,4.269492653960489,0.22914692824304517
32,rest,T6,3.5318557993392266,3.690947785546536,0.15909198620730924
32,rest,P3,3.9288370811488376,4.066376644882684,0.13753956373384657
32,rest,P4,3.8986655868611018,3.864787941061485,-0.03387764579961683
32,rest,O1,4.887981445566425,5.24141986012294,0.35343841455651415
32,rest,O2,4.6880288423272605,4.85199981403905,0.1639709717117892
32,rest,Fz,3.766597967867266,3.747904350087013,-0.018693617780253025
32,rest,Cz,3.735821231079038,3.865713763204511,0.12989253212547291
32,rest,Pz,3.988502462017202,3.95478348731894,-0.033718974698262016
32,arithmetic,Fp1,4.789723267034999,5.087146122543929,0.29742285550893044
32,arithmetic,Fp2,5.560451364461348,4.622469534317284,-0.9379818301440634
32,arithmetic,F3,4.462767522083797,4.917506989922634,0.454739467838837
32,arithmetic,F4,4.243528113814855,4.701042223712784,0.45751410989792873
32,arithmetic,F7,4.963616967124333,5.239561230836659,0.2759442637123266
32,arithmetic,F8,5.478971955711704,4.93706990195496,-0.5419020537567443
32,arithmetic,T3,5.02436033381718,5.28038630183652,0.2560259680193404
32,arithmetic,T4,5.060962144609916,5.167960568215061,0.10699842360514467
32,arithmetic,C3,4.3843865882504645,4.6758401947202,0.2914536064697355
32,arithmetic,C4,4.6288916222639,4.493366557013903,-0.13552506524999686
32,arithmetic,T5,5.2574539534767775,4.921896817304891,-0.33555713617188676
32,arithmetic,T6,4.680575046308623,4.157936421506421,-0.5226386248022017
32,arithmetic,P3,5.951811890849771,5.210401629581973,-0.7414102612677977
32,arithmetic,P4,4.960885891015034,4.447099373697665,-0.513786517317369
32,arithmetic,O1,5.887769204872208,5.908980037035102,0.0212108321628941
32,arithmetic,O2,5.9728357689836695,5.306923080678783,-0.6659126883048865
32,arithmetic,Fz,4.994078604342809,4.515081282958476,-0.47899732138433304
32,arithmetic,Cz,4.762321253997622,4.472630299310043,-0.289690954687579
32,arithmetic,Pz,4.668054817805404,4.809097948148019,0.14104313034261473
33,rest,Fp1,3.8966766537777406,3.855242062375453,-0.04143459140228778
33,rest,Fp2,4.005643489730324,3.886742877081809,-0.11890061264851504
33,rest,F3,4.029696601090261,3.9663494809280886,-0.06334712016217203
33,rest,F4,3.726857159569807,3.897667301344111,0.1708101417743042
33,rest,F7,3.6557781257941153,3.668376145533552,0.012598019739436861
33,rest,F8,4.001695887058608,3.997154484990025,-0.004541402068582556
33,rest,T3,4.102454955173533,4.132150495083624,0.029695539910091107
33,rest,T4,3.8678957867646977,4.08999542737348,0.22209964060878207
33,rest,C3,3.9796588871982728,4.020066080972618,0.040407193774345096
33,rest,C4,4.039099697127988,4.032953452747764,-0.006146244380224708
33,rest,T5,4.042412573669878,3.922896089016689,-0.11951648465318954
33,rest,T6,3.710298302531663,3.70920761857914,-0.0010906839525230971
33,rest,P3,3.55909018171834,3.82951822566676,0.27042804394842035
33,rest,P4,3.7014733557243473,3.718559725583204,0.01708636985885681
33,rest,O1,3.3661149806556203,3.5350498863894053,0.168934905733785
33,rest,O2,3.594978527507532,3.5394143119070547,-0.05556421560047742
33,rest,Fz,3.9262008793509993,3.9137108064053447,-0.012490072945654518
33,rest,Cz,3.932513278603237,4.043141860074839,0.11062858147160215
33,rest,Pz,3.6205849681384494,3.7415345294698903,0.12094956133144086
33,arithmetic,Fp1,4.146824538497157,4.273875498948977,0.12705096045181996
33,arithmetic,Fp2,4.497386091139005,4.198035034085448,-0.29935105705355713
33,arithmetic,F3,4.5344625249353205,4.612804555063318,0.07834203012799712
33,arithmetic,F4,4.845295239972324,4.295066978492608,-0.5502282614797158
33,arithmetic,F7,4.120692976843496,4.122241440322525,0.0015484634790290386
33,arithmetic,F8,5.0818597020537695,4.420791644746256,-0.6610680573075136
33,arithmetic,T3,4.620105488540343,4.674064481060377,0.05395899252003389
33,arithmetic,T4,5.170692469281346,4.854161203949011,-0.3165312653323351
33,arithmetic,C3,4.754890448468003,4.409733448908785,-0.34515699955921786
33,arithmetic,C4,4.638977618082348,4.706750044762857,0.06777242668050931
33,arithmetic,T5,4.832115499528492,4.929670391542139,0.09755489201364664
33,arithmetic,T6,4.700927306003725,4.851131194499548,0.150203888495823
33,arithmetic,P3,4.902503922277368,4.495798317424004,-0.4067056048533635
33,arithmetic,P4,4.698473997626899,4.606489917820173,-0.09198407980672663
33,arithmetic,O1,5.012550697076843,4.623692962640332,-0.3888577344365114
33,arithmetic,O2,4.79083852406267,4.494999648164195,-0.29583887589847446
33,arithmetic,Fz,4.704470807331997,4.521688549566677,-0.18278225776532064
33,arithmetic,Cz,4.782482829709762,4.561215201655902,-0.2212676280538597
33,arithmetic,Pz,4.407544259186598,4.624122106424722,0.21657784723812412
34,rest,Fp1,4.551870762252201,4.332829911498472,-0.21904085075372937
34,rest,Fp2,4.472466532917333,4.37925570933726,-0.09321082358007349
34,rest,F3,4.358288490509607,4.223426077811538,-0.13486241269806953
34,rest,F4,4.465170071527813,4.224235596214809,-0.24093447531300338
34,rest,F7,4.288227811642636,4.204640635171301,-0.08358717647133496
34,rest,F8,4.47245270744834,4.33500222085478,-0.13745048659355952
34,rest,T3,4.163646028592978,4.126017199210946,-0.03762882938203216
34,rest,T4,4.349604351890725,4.320480629078069,-0.029123722812656183
34,rest,C3,4.437705778257378,4.185825590743017,-0.25188018751436125
34,rest,C4,4.556895192410904,4.310061274591803,-0.24683391781910125
34,rest,T5,4.225974416487867,4.072258237308331,-0.15371617917953628
34,rest,T6,4.56573955097325,4.297079642870573,-0.26865990810267704
34,rest,P3,4.12927440350919,3.981363787823757,-0.1479106156854333
34,rest,P4,4.230275991547445,4.07262355291784,-0.1576524386296052
34,rest,O1,4.287513074133879,4.123137665757682,-0.16437540837619746
34,rest,O2,5.223851617023184,4.732530949628259,-0.4913206673949251
34,rest,Fz,4.39269584697523,4.175880460474904,-0.2168153865003264
34,rest,Cz,4.380621404346941,4.262875358559615,-0.11774604578732628
34,rest,Pz,4.034940247746737,3.976300022344727,-0.05864022540200953
34,arithmetic,Fp1,4.848917637055887,4.723807596765504,-0.12511004029038286
34,arithmetic,Fp2,5.435651586936649,5.228128998280276,-0.20752258865637252
34,arithmetic,F3,4.713463933834544,4.5514419769621455,-0.1620219568723984
34,arithmetic,F4,4.480858935150851,4.525498831409654,0.04463989625880238
34,arithmetic,F7,5.625668198346108,5.150672860995966,-0.47499533735014143
34,arithmetic,F8,3.950157500190623,3.762181283906962,-0.18797621628366112
34,arithmetic,T3,4.602602597536033,4.626451971600142,0.023849374064108808
34,arithmetic,T4,5.039508779375587,4.809956556317546,-0.22955222305804046
34,arithmetic,C3,4.882148878527194,4.993538552357636,0.11138967383044207
34,arithmetic,C4,4.72880420399773,5.068733967835771,0.3399297638380405
34,arithmetic,T5,4.582034135773949,4.971769610283298,0.3897354745093491
34,arithmetic,T6,5.32657347357522,5.302704056334425,-0.023869417240794277
34,arithmetic,P3,4.727744769336448,5.044238599846559,0.3164938305101108
34,arithmetic,P4,4.862551406961536,5.141531527110844,0.27898012014930806
34,arithmetic,O1,5.44495860817663,5.247006282261917,-0.1979523259147129
34,arithmetic,O2,6.73263020835781,5.924263429172475,-0.8083667791853344
34,arithmetic,Fz,4.472389618763085,4.47510495494818,0.0027153361850951185
34,arithmetic,Cz,4.93710301588975,4.696364486890347,-0.24073852899940373
34,arithmetic,Pz,4.453644613563293,5.001902790084843,0.54825817652155
35,rest,Fp1,4.333011736029983,4.129358497165809,-0.20365323886417386
35,rest,Fp2,4.800922637181621,4.664967387421411,-0.1359552497602099
35,rest,F3,4.16925640573594,4.192223403389687,0.022966997653747434
35,rest,F4,4.32392530041685,4.314190554464928,-0.009734745951921475
35,rest,F7,4.29953685198989,4.06014003871064,-0.23939681327925033
35,rest,F8,4.585203306424277,4.493173094411096,-0.09203021201318062
35,rest,T3,4.411271009875673,4.1969500598285965,-0.2143209500470764
35,rest,T4,4.116958457679451,3.9880943290334008,-0.12886412864605035
35,rest,C3,4.449291717570643,4.296697905779017,-0.15259381179162546
35,rest,C4,4.266073567395345,4.438246423453153,0.17217285605780752
35,rest,T5,4.671988045553583,4.705736152207228,0.03374810665364514
35,rest,T6,4.041634100314253,4.0155475789405966,-0.026086521373656524
35,rest,P3,4.2222028379691965,4.476254159362327,0.25405132139313036
35,rest,P4,4.116593230638046,4.2675101944974045,0.15091696385935816
35,rest,O1,4.414756730992725,4.5574949074374125,0.14273817644468778
35,rest,O2,4.100493783654342,4.211097108647619,0.11060332499327785
35,rest,Fz,4.396080938338295,4.38751174589703,-0.008569192441264306
35,rest,Cz,4.315385821752485,4.146350793915881,-0.16903502783660418
35,rest,Pz,4.244880980739493,4.288475959077305,0.04359497833781134
35,arithmetic,Fp1,5.360404573594342,4.926655921362841,-0.4337486522315004
35,arithmetic,Fp2,5.149146717002946,5.522279409339443,0.3731326923364975
35,arithmetic,F3,4.9039397582376205,5.600026525349192,0.6960867671115718
35,arithmetic,F4,4.674804362088552,5.391280015604079,0.716475653515527
35,arithmetic,F7,5.904400662034003,5.783022670652622,-0.12137799138138039
35,arithmetic,F8,5.409018778480097,5.199741944117863,-0.20927683436223354
35,arithmetic,T3,5.337511777242168,5.318038839448869,-0.019472937793298506
35,arithmetic,T4,4.568294973793606,5.030958859881095,0.46266388608748965
35,arithmetic,C3,5.770690434057936,5.229458485961451,-0.5412319480964856
35,arithmetic,C4,4.758888911675116,5.013275083374459,0.25438617169934297
35,arithmetic,T5,5.817176643883409,5.691923634044107,-0.12525300983930165
35,arithmetic,T6,5.223559143586781,5.037063918384425,-0.18649522520235617
35,arithmetic,P3,5.764476433990215,5.237661296357237,-0.5268151376329779
35,arithmetic,P4,4.944414199561094,4.965268846026412,0.02085464646531765
35,arithmetic,O1,4.958101377285148,4.981870665352486,0.02376928806733769
35,arithmetic,O2,4.985052966716425,5.119930558885735,0.1348775921693104
35,arithmetic,Fz,4.451454267750719,4.994838224455344,0.5433839567046244
35,arithmetic,Cz,4.6581300601260285,5.061206617989854,0.4030765578638258
35,arithmetic,Pz,4.745922764935409,4.752177177422013,0.0062544124866033
