=== FISHER INFORMATION METRIC ANALYSIS ===

Files processed: 28
Input directory: C:\Users\csapl\.gemini\antigravity\scratch\QuantumCircuit\Grammar_Fingerprinting_Archive\Grammar_Fingerprinting_Code_and_Results_v1.0\QuantumCircuit_Grammar_Research_Archive\readout_raw_data


--- 12q (2D_Block) :: 12q_readout_raw_data.txt ---
       N    Fisher_Tr     Fisher_Det    KL_prev    Entropy  Frob_Unif
----------------------------------------------------------------------
     500     19143.65       2.46e+16     0.0000     1.3141     1.4378
    1000     64196.34       1.74e+16     0.1100     1.4219     1.2702
    2000    441370.67       3.29e+18     0.1087     1.4363     1.2703
    3000    285556.99       1.66e+18     0.0408     1.3797     1.3559
    4000   1630233.50       3.71e+20     0.9747     1.3778     1.3406
    5000   5679650.41       3.30e+22     2.0527     1.3367     1.4239
    6000  28107039.50       8.84e+20     0.7489     1.1058     1.6366
    7000   9273358.73       4.13e+18     2.1322     1.3972     1.2552
    8000  34403959.98       1.20e+20     0.9518     1.4099     1.3476
    9000       334.27       3.17e+09     0.3953     1.2343     1.4591
   10000 1825676654.55       9.59e+19     2.2565     1.1513     1.4860
   15000     26512.52       3.61e+10     1.2313     1.7156     1.0344
   20000     76808.68       1.61e+22     2.3848     1.2570     1.4272
   30000     57871.95       3.87e+14     1.2617     1.0499     1.4784
   40000       565.25       2.01e+11     2.1471     1.2871     1.2828

Estimated phase transition (max |d(trace)/dN|): N ~ 9500


--- 14q (1D_Snake) :: 14q_readout_raw_data.txt ---
       N    Fisher_Tr     Fisher_Det    KL_prev    Entropy  Frob_Unif
----------------------------------------------------------------------
     500     59129.68       3.29e+18     0.0000     1.4745     1.3016
    1000     37361.31       1.00e+18     0.0321     1.3669     1.4883
    2000    269775.99       2.26e+21     0.0069     1.3872     1.4486
    3000    460467.61       1.32e+22     0.0082     1.4391     1.3650
    4000    145184.04       1.77e+17     1.3437     1.4747     1.3106
    5000   3638239.35       9.68e+22     3.3801     1.4141     1.4016
    6000   1798875.80       1.32e+24     2.9356     1.5744     1.2543
    7000 382328096.70       9.60e+27     3.5801     0.9704     1.7481
    8000  27593527.07       2.36e+16     1.3226     1.3414     1.3132
    9000 1677999395.66       4.38e+19     0.7486     1.1533     1.4003
   10000 217086426.66       3.50e+18     8.6122     1.2314     1.3144
   15000       220.83       2.74e+08     1.5381     1.5739     1.0453
   20000      1185.66       1.99e+13     0.8231     1.0941     1.4964
   30000     14018.52       1.32e+14     0.4500     1.2674     1.3715
   40000      1369.44       1.21e+11     2.3719     1.0320     1.5753

Estimated phase transition (max |d(trace)/dN|): N ~ 8500


--- 16q (2D_Block) :: 16q_readout_raw_data.txt ---
       N    Fisher_Tr     Fisher_Det    KL_prev    Entropy  Frob_Unif
----------------------------------------------------------------------
     500     30198.86       2.51e+17     0.0000     1.4390     1.3618
    1000     57085.73       2.09e+17     0.4762     1.2879     1.4509
    2000     57788.47       1.36e+16     0.0335     1.4038     1.3022
    3000    316096.07       3.09e+18     0.0245     1.3326     1.4180
    4000   1154285.93       2.04e+21     1.0160     1.4727     1.3135
    5000   1209020.36       1.07e+21     2.9136     1.5285     1.1955
    6000 521296986.75       6.58e+24     4.1556     1.2874     1.4749
    7000  29256212.81       3.54e+21     2.5446     1.2183     1.4124
    8000 162860020.55       3.69e+24     1.3216     1.3546     1.3553
    9000 105449534.20       6.16e+18     0.5150     1.3434     1.3025
   10000     11059.81       9.36e+15     0.9663     1.1720     1.4229
   15000      2688.81       3.60e+11     1.6745     1.1088     1.5889
   20000      2672.86       2.60e+15     1.5968     1.1047     1.4886
   30000      2065.90       6.40e+10     1.2444     1.3070     1.2229
   40000      2603.05       7.14e+14     1.4232     1.1791     1.4062

Estimated phase transition (max |d(trace)/dN|): N ~ 5500


--- 18q (1D_Snake) :: 18q_readout_raw_data.txt ---
       N    Fisher_Tr     Fisher_Det    KL_prev    Entropy  Frob_Unif
----------------------------------------------------------------------
     500     23771.62       5.66e+15     0.0000     1.3241     1.3981
    1000     40399.79       1.22e+16     0.0559     1.3717     1.3418
    2000    109114.63       1.43e+18     0.1340     1.3504     1.3494
    3000   1958535.74       9.97e+20     0.1242     1.3490     1.3830
    4000    298895.49       5.18e+19     1.2398     1.4780     1.2544
    5000    921841.73       3.59e+14     0.5737     1.4488     1.2662
    6000 107222208.25       7.28e+22     1.0486     1.4568     1.2105
    7000     33278.80       2.79e+11     0.4173     1.5005     1.1398
    8000  16039647.76       1.71e+14     1.0760     1.3909     1.2833
    9000  96534757.41       2.11e+15     0.4480     1.2232     1.3790
   10000 552262713.54       8.89e+17     0.6445     1.2762     1.2349
   15000     18497.76       4.00e+18     1.2118     1.4859     1.0237
   20000       901.35       1.52e+13     1.5947     1.1579     1.4299
   30000       386.36       1.95e+10     0.6225     1.4180     1.1704
   40000     14243.91       1.24e+16     0.8572     1.2476     1.3905

Estimated phase transition (max |d(trace)/dN|): N ~ 9500


--- 20q (2D_Block) :: 20q_readout_raw_data.txt ---
       N    Fisher_Tr     Fisher_Det    KL_prev    Entropy  Frob_Unif
----------------------------------------------------------------------
     500     11205.88       4.33e+13     0.0000     1.4867     1.1819
    1000     42242.63       4.53e+15     0.0918     1.3659     1.3936
    2000    144800.39       1.84e+17     0.0265     1.3730     1.3633
    3000    621166.76       7.93e+18     0.0406     1.4714     1.2162
    4000    414233.27       2.41e+17     0.7693     1.4509     1.2188
    5000   1658063.71       2.79e+17     1.0548     1.3537     1.2927
    6000  16997956.67       6.93e+19     4.7601     1.4462     1.2437
    7000      2951.66       1.16e+13     1.4422     1.2574     1.3833
    8000  54182420.97       5.25e+18     1.5863     1.2374     1.4176
    9000  60233387.58       9.54e+17     0.7881     1.3118     1.3672
   10000 4242045867.77       9.90e+23     0.6281     1.3524     1.2423
   15000       359.58       8.88e+08     1.4542     1.4227     1.0122
   20000       292.10       2.14e+10     1.5909     1.2942     1.3085
   30000       656.01       6.57e+10     0.9860     1.3800     1.0954
   40000       935.41       1.87e+12     0.8133     1.2710     1.1900

Estimated phase transition (max |d(trace)/dN|): N ~ 9500


--- 22q (1D_Snake) :: 22q_readout_raw_data.txt ---
       N    Fisher_Tr     Fisher_Det    KL_prev    Entropy  Frob_Unif
----------------------------------------------------------------------
     500     24153.44       7.03e+14     0.0000     1.1290     1.5574
    1000     27725.19       7.15e+12     0.1571     1.3653     1.3223
    2000    106186.87       1.42e+14     0.0910     1.3518     1.3455
    3000    380208.07       7.14e+15     0.1416     1.3771     1.2380
    4000    110894.81       3.47e+17     1.0859     1.4952     1.2548
    5000   1125685.90       2.74e+16     0.8545     1.3523     1.3504
    6000  25056569.03       2.23e+20     4.1979     1.5426     1.1678
    7000     14708.43       3.66e+12     1.3747     1.4447     1.1499
    8000       649.73       1.24e+10     0.8932     1.5380     1.1358
    9000      6710.31       1.09e+12     0.0863     1.4710     1.2201
   10000      3338.91       5.19e+11     0.2126     1.4717     1.1301
   15000   2679697.59       2.95e+15     2.6680     1.1593     1.4377
   20000    462859.73       1.78e+16     4.3783     1.1704     1.3039
   30000      1360.47       7.16e+13     1.1404     1.1074     1.4840
   40000       185.56       1.11e+09     0.8584     1.4708     1.0495

Estimated phase transition (max |d(trace)/dN|): N ~ 6500


--- 24q (2D_Block) :: 24q_readout_raw_data.txt ---
       N    Fisher_Tr     Fisher_Det    KL_prev    Entropy  Frob_Unif
----------------------------------------------------------------------
     500    160898.85       9.35e+17     0.0000     1.3295     1.4223
    1000  50056164.08       7.47e+19     2.2209     1.2808     1.3067
    2000     27861.44       1.17e+10     0.1616     1.5777     0.9631
    3000     93928.99       1.82e+10     0.1036     1.6734     0.8035
    4000    214596.00       2.10e+14     1.3219     1.5201     1.2733
    5000    984099.55       7.56e+14     0.4924     1.3892     1.3841
    6000   3011490.48       5.10e+15     0.8815     1.4496     1.2683
    7000      4319.50       2.57e+11     1.4151     1.5354     1.0673
    8000      3118.83       1.10e+13     1.0175     1.4967     1.1771
    9000      2404.30       5.80e+11     0.3797     1.3823     1.1982
   10000     56844.92       1.03e+15     1.2991     1.1593     1.3028
   15000      3311.28       3.68e+12     1.0485     1.5312     1.0965
   20000       553.28       5.04e+12     1.0330     1.1638     1.3670
   30000      1189.34       2.94e+13     1.3796     1.2848     1.2717
   40000       763.17       8.07e+13     1.0664     1.1684     1.4913

Estimated phase transition (max |d(trace)/dN|): N ~ 750


--- 26q (Bulk_Full) :: 26q_readout_raw_data.txt ---
       N    Fisher_Tr     Fisher_Det    KL_prev    Entropy  Frob_Unif
----------------------------------------------------------------------
     500    141602.23       1.35e+15     0.0000     1.4008     1.2417
    1000     16159.04       4.33e+12     0.2112     1.4742     1.1173
    2000     59828.50       1.04e+13     0.0780     1.5410     1.0470
    3000    249408.64       1.69e+14     0.0361     1.5368     1.0564
    4000     73476.26       8.24e+15     0.8652     1.5661     1.1894
    5000    972175.12       9.19e+16     0.6850     1.4871     1.1556
    6000  19205662.94       1.43e+18     3.4041     1.5293     1.2242
    7000     15947.52       2.46e+12     0.6722     1.5088     1.1027
    8000      7287.03       2.30e+17     1.9216     1.3978     1.2960
    9000      5208.57       6.24e+12     0.5276     1.4484     1.1119
   10000     33046.38       4.83e+15     0.5615     1.3488     1.2800
   15000      3086.98       4.58e+13     1.4878     1.0389     1.6058
   20000      2164.23       5.60e+12     1.2090     1.2218     1.4146
   30000     11482.78       1.78e+13     1.8590     1.3785     1.0850
   40000      8586.59       5.07e+15     1.3982     1.1900     1.4135

Estimated phase transition (max |d(trace)/dN|): N ~ 6500


--- 28q (1D_Snake) :: 28q_readout_raw_data.txt ---
       N    Fisher_Tr     Fisher_Det    KL_prev    Entropy  Frob_Unif
----------------------------------------------------------------------
     500      8033.26       9.71e+12     0.0000     1.4296     1.0839
    1000     11285.51       1.96e+10     0.2985     1.5689     0.9147
    2000    124028.76       3.20e+13     0.2725     1.5193     1.1068
    3000    246941.85       1.22e+14     0.0229     1.5629     1.0336
    4000     41402.49       5.59e+14     0.6281     1.4728     1.3229
    5000   1132158.95       3.11e+18     0.8171     1.3587     1.3559
    6000    144556.92       1.04e+15     0.7386     1.3496     1.2855
    7000      1604.33       3.11e+11     0.7684     1.2065     1.4583
    8000      4261.53       2.82e+13     2.6764     1.1412     1.5791
    9000    108310.09       1.97e+17     0.9776     1.1171     1.5785
   10000     32476.29       4.28e+15     2.5978     1.1226     1.4778
   15000     21047.83       1.53e+17     1.9893     1.1489     1.4836
   20000      8877.02       9.75e+12     0.9605     1.2947     1.2673
   30000       668.18       1.52e+10     0.8001     1.3008     1.2535
   40000      1724.75       4.77e+13     2.1663     1.1473     1.3845

Estimated phase transition (max |d(trace)/dN|): N ~ 4500


--- 30q (2D_Block) :: 30q_readout_raw_data.txt ---
       N    Fisher_Tr     Fisher_Det    KL_prev    Entropy  Frob_Unif
----------------------------------------------------------------------
     500      1401.95       4.29e+09     0.0000     1.5732     0.9660
    1000     10695.33       5.37e+09     0.2078     1.6949     0.7333
    2000     42746.30       4.82e+09     0.1326     1.7380     0.6803
    3000       292.51       3.53e+07     0.1752     1.6605     0.7699
    4000     11983.53       4.91e+13     0.9092     1.5009     1.2792
    5000      7635.63       3.65e+13     0.2200     1.5205     1.1220
    6000      4622.48       7.57e+10     0.2442     1.5542     1.0290
    7000     24336.18       3.70e+13     1.3806     1.5155     1.0706
    8000     40397.77       4.39e+15     1.6829     1.3178     1.4038
    9000      5840.79       3.35e+12     0.3531     1.4755     1.1379
   10000      2239.20       2.94e+13     0.8229     1.3802     1.1658
   15000  30460870.57       1.87e+18     0.8280     1.3749     1.2454
   20000      3949.28       6.98e+12     2.9676     1.1507     1.2785
   30000       732.69       2.99e+11     0.9764     1.4455     1.0265
   40000      7514.41       8.48e+15     0.6986     1.2447     1.2592

Estimated phase transition (max |d(trace)/dN|): N ~ 12500


--- 32q (1D_Snake) :: 32q_readout_raw_data.txt ---
       N    Fisher_Tr     Fisher_Det    KL_prev    Entropy  Frob_Unif
----------------------------------------------------------------------
     500     15219.84       5.64e+11     0.0000     1.4983     1.0126
    1000      9993.51       1.46e+10     0.3182     1.5027     1.0454
    2000     43258.08       1.62e+10     0.1932     1.6494     0.8300
    3000    145568.59       4.41e+10     0.1035     1.6183     0.8657
    4000     31432.04       5.14e+13     0.7073     1.5089     1.2873
    5000     42753.40       2.38e+13     0.3685     1.5808     1.0321
    6000      4443.87       1.49e+11     0.2658     1.4725     1.1774
    7000      4338.04       1.07e+11     0.0842     1.5072     1.1667
    8000       996.21       1.49e+10     0.7952     1.4830     1.1294
    9000      3677.48       1.13e+11     0.2255     1.3964     1.1292
   10000   1331916.27       1.51e+26     1.3480     1.1199     1.4513
   15000 392207940.03       4.18e+24     1.4404     1.5610     1.0897
   20000      3224.08       1.02e+15     2.8638     0.9505     1.6802
   30000       935.72       1.84e+11     1.7809     1.4216     1.0635
   40000       675.82       4.25e+12     1.3000     1.2030     1.3923

Estimated phase transition (max |d(trace)/dN|): N ~ 17500


--- 34q (2D_Block) :: 34q_readout_raw_data.txt ---
       N    Fisher_Tr     Fisher_Det    KL_prev    Entropy  Frob_Unif
----------------------------------------------------------------------
     500      2554.61       1.59e+10     0.0000     1.3253     1.1806
    1000      3734.93       5.08e+08     0.4426     1.7169     0.7250
    2000     33620.66       4.01e+09     0.0644     1.7143     0.7292
    3000    114193.36       8.91e+09     0.0430     1.7537     0.6632
    4000     18394.73       1.02e+14     1.2328     1.5440     1.1159
    5000    327449.37       1.62e+13     0.5237     1.4810     1.1213
    6000      3987.88       3.60e+10     0.4918     1.5970     0.9838
    7000      4238.69       4.96e+10     0.6361     1.5401     0.9748
    8000      1234.40       2.56e+11     1.0260     1.5493     1.2241
    9000     24403.59       4.09e+14     0.2771     1.5324     1.1125
   10000      3603.44       2.22e+12     0.0619     1.6020     1.0618
   15000       108.54       6.94e+07     0.7707     1.5634     1.2293
   20000      1714.36       1.12e+14     2.2930     1.0405     1.6427
   30000       761.29       6.94e+10     0.6288     1.3263     1.1669
   40000       991.41       1.47e+13     1.4235     1.1693     1.4105

Estimated phase transition (max |d(trace)/dN|): N ~ 5500


--- 36q (Bulk_Full) :: 36q_readout_raw_data.txt ---
       N    Fisher_Tr     Fisher_Det    KL_prev    Entropy  Frob_Unif
----------------------------------------------------------------------
     500      1978.44       2.37e+09     0.0000     1.5921     0.9288
    1000     14350.09       3.98e+13     0.8586     1.5684     0.7888
    2000       127.98       8.50e+06     0.2519     1.7583     0.5714
    3000       134.56       9.24e+06     0.0881     1.7559     0.5848
    4000    129064.65       9.31e+15     1.7088     1.5333     1.2174
    5000     89294.56       7.29e+16     0.7571     1.3454     1.3492
    6000     20372.45       3.50e+13     0.4969     1.5200     1.0003
    7000      1853.39       1.28e+11     0.7322     1.4492     1.1824
    8000      2789.07       2.78e+12     0.7380     1.5831     1.1605
    9000     12121.06       1.06e+17     1.1271     1.3518     1.2145
   10000     17232.08       6.34e+16     0.6107     1.3733     1.1318
   15000    102978.57       5.07e+15     1.8693     1.3184     1.3017
   20000      1632.32       3.54e+13     2.0116     1.1451     1.4759
   30000      1006.84       5.19e+12     1.0273     1.3708     1.0975
   40000      1243.81       1.09e+14     0.7527     1.1588     1.3949

Estimated phase transition (max |d(trace)/dN|): N ~ 3500


--- 38q (Bulk_Full) :: 38q_readout_raw_data.txt ---
       N    Fisher_Tr     Fisher_Det    KL_prev    Entropy  Frob_Unif
----------------------------------------------------------------------
     500     10087.06       1.00e+11     0.0000     1.5574     0.9310
    1000     11308.60       2.37e+10     0.3503     1.4832     1.0668
    2000     42469.37       3.83e+11     0.1091     1.4465     1.1312
    3000    164316.38       3.26e+11     0.0740     1.5054     1.0226
    4000      8792.17       1.43e+14     1.0140     1.4618     1.2437
    5000   1507559.37       7.82e+16     0.6883     1.5537     1.0625
    6000     23468.26       3.31e+11     0.2032     1.6227     0.8870
    7000     13644.28       7.45e+11     0.2223     1.5655     1.0197
    8000      6178.36       1.30e+13     1.0328     1.4549     1.2979
    9000      6177.04       1.68e+12     0.5695     1.4347     1.2846
   10000     70220.67       4.03e+16     1.0188     1.2378     1.3487
   15000      2274.38       5.00e+11     1.1196     1.5204     1.0758
   20000       535.21       2.96e+11     1.4213     1.1884     1.2964
   30000       168.37       2.63e+08     0.6269     1.6341     0.8170
   40000       878.98       2.22e+12     1.0176     1.0115     1.6018

Estimated phase transition (max |d(trace)/dN|): N ~ 4500


--- 39q (2D_Block) :: 39q_readout_raw_data.txt ---
       N    Fisher_Tr     Fisher_Det    KL_prev    Entropy  Frob_Unif
----------------------------------------------------------------------
     500     10311.36       2.26e+10     0.0000     1.5751     0.8999
    1000     18044.41       4.34e+09     0.2417     1.6795     0.7675
    2000     23117.11       3.16e+09     0.1515     1.7246     0.7075
    3000     95677.00       9.67e+09     0.0594     1.7272     0.7113
    4000      3825.63       1.10e+15     1.4436     1.4578     1.2572
    5000      2694.92       2.62e+12     0.4234     1.5204     1.1379
    6000     12187.62       1.45e+13     0.1692     1.6384     0.9383
    7000      7169.98       1.94e+17     0.7628     1.4841     1.0315
    8000       987.94       2.47e+09     0.9443     1.5349     1.0887
    9000      1869.24       7.52e+09     0.1365     1.4683     1.0789
   10000      3021.13       2.16e+11     0.4960     1.3755     1.1438
   15000       370.63       3.84e+08     0.8834     1.6165     0.9873
   20000      5544.82       8.04e+16     1.9709     0.9532     1.6956
   30000      1048.58       1.19e+11     0.9256     1.3039     1.2158
   40000     20870.25       3.75e+13     2.6683     1.0225     1.5974

Estimated phase transition (max |d(trace)/dN|): N ~ 3500


--- 40q (2D_Block) :: 40q_readout_raw_data.txt ---
       N    Fisher_Tr     Fisher_Det    KL_prev    Entropy  Frob_Unif
----------------------------------------------------------------------
     500      5601.48       8.85e+10     0.0000     1.5264     0.9980
    1000     11900.64       4.22e+09     0.2315     1.6298     0.8672
    2000        71.52       4.99e+06     0.5733     1.7954     0.5371
    3000        69.55       2.80e+06     0.1197     1.8391     0.4355
    4000      1428.06       1.55e+12     1.2811     1.3382     1.3459
    5000      7965.36       3.44e+12     0.4006     1.4732     1.0850
    6000     28933.26       3.05e+13     0.2253     1.5826     0.9544
    7000    249172.52       2.92e+26     1.3888     1.1328     1.4428
    8000      1004.31       4.80e+10     1.0284     1.5540     1.1277
    9000      5375.20       2.57e+12     0.3739     1.3394     1.2671
   10000      3560.62       8.97e+12     0.6280     1.4183     1.1831
   15000      1181.74       2.04e+12     1.4625     1.2986     1.4767
   20000     17663.14       4.72e+17     2.6302     0.9407     1.6066
   30000      8873.34       6.73e+14     0.9375     1.2567     1.2976
   40000       902.03       7.42e+10     1.0047     1.4376     1.1295

Estimated phase transition (max |d(trace)/dN|): N ~ 7500


--- 41q (2D_Block) :: 41q_readout_raw_data.txt ---
       N    Fisher_Tr     Fisher_Det    KL_prev    Entropy  Frob_Unif
----------------------------------------------------------------------
     500      7875.49       8.82e+09     0.0000     1.6052     0.8759
    1000      3816.03       2.80e+10     0.7803     1.3992     1.1416
    2000     21511.84       1.89e+09     0.4593     1.7581     0.6453
    3000     86984.50       6.83e+09     0.0573     1.7513     0.6679
    4000      1057.69       5.77e+10     0.7991     1.5687     1.0958
    5000      5101.74       4.63e+12     0.4869     1.5032     1.1365
    6000      1951.50       2.18e+10     0.3885     1.5648     0.9205
    7000      1884.15       1.13e+11     0.9630     1.4136     1.1588
    8000      1349.05       1.16e+12     0.8814     1.5616     1.1885
    9000      7592.53       1.48e+13     0.2678     1.5043     1.1605
   10000      2885.65       1.39e+11     0.1966     1.5855     1.0052
   15000       433.36       1.69e+09     0.4158     1.7168     0.7348
   20000     10176.78       1.56e+12     1.7610     1.2172     1.3339
   30000      2402.32       1.30e+13     3.0227     0.9549     1.5676
   40000     19152.65       1.86e+17     1.4606     1.1645     1.3292

Estimated phase transition (max |d(trace)/dN|): N ~ 3500


--- 42q (2D_Block) :: 42q_readout_raw_data.txt ---
       N    Fisher_Tr     Fisher_Det    KL_prev    Entropy  Frob_Unif
----------------------------------------------------------------------
     500        76.92       9.83e+06     0.0000     1.8163     0.4891
    1000        93.23       3.21e+07     0.2027     1.7424     0.6563
    2000        70.22       3.82e+06     0.1706     1.8246     0.4822
    3000        58.67       2.08e+06     0.0976     1.8757     0.3715
    4000      3792.84       3.05e+13     0.7410     1.5979     1.1515
    5000      3350.03       1.70e+12     0.5228     1.4767     1.0785
    6000      2077.14       2.60e+10     0.4561     1.4354     1.1044
    7000      1157.82       8.65e+10     1.2953     1.5937     0.9699
    8000      5765.22       6.68e+13     2.0596     1.1137     1.4868
    9000     23051.88       6.68e+14     0.3242     1.2697     1.3660
   10000     23093.08       1.77e+15     1.0151     1.2851     1.2740
   15000       307.43       3.76e+09     1.3101     1.3319     1.4309
   20000      1153.17       4.00e+13     2.3015     0.8874     1.6959
   30000     10859.74       2.08e+15     1.5256     1.4423     1.0627
   40000       511.20       1.56e+12     1.1666     1.0858     1.4880

Estimated phase transition (max |d(trace)/dN|): N ~ 8500


--- 43q (2D_Block) :: 43q_readout_raw_data.txt ---
       N    Fisher_Tr     Fisher_Det    KL_prev    Entropy  Frob_Unif
----------------------------------------------------------------------
     500        94.09       2.26e+07     0.0000     1.7076     0.7273
    1000        65.33       4.59e+06     0.2479     1.8203     0.4975
    2000        56.20       1.59e+06     0.1579     1.8846     0.3473
    3000        54.22       1.40e+06     0.0621     1.8917     0.3393
    4000     11114.24       1.57e+16     1.2251     1.4281     1.2627
    5000      2655.65       3.13e+12     0.6057     1.3790     1.1817
    6000      7458.05       6.55e+11     0.4411     1.5668     0.9349
    7000      8134.48       3.86e+12     0.4189     1.3726     1.1105
    8000     18131.27       6.82e+15     1.4918     1.4895     1.1952
    9000      6197.28       1.95e+14     0.7377     1.4270     1.1612
   10000      4005.96       1.04e+12     0.3060     1.3377     1.2197
   15000 3814874884.30       1.86e+16     1.7635     1.5899     0.8692
   20000      9764.73       1.19e+13     1.6478     1.2454     1.3246
   30000      5899.68       3.79e+15     2.1991     1.2384     1.2810
   40000      1285.34       1.97e+13     0.9463     1.2781     1.2992

Estimated phase transition (max |d(trace)/dN|): N ~ 12500


--- 44q (2D_Block) :: 44q_readout_raw_data.txt ---
       N    Fisher_Tr     Fisher_Det    KL_prev    Entropy  Frob_Unif
----------------------------------------------------------------------
     500     20152.26       4.78e+11     0.0000     1.4195     1.1548
    1000      7294.63       3.08e+09     0.2169     1.6558     0.8232
    2000     34495.79       3.99e+09     0.1121     1.7223     0.7106
    3000     99245.36       8.18e+09     0.0434     1.7396     0.6955
    4000     24073.98       2.98e+15     1.3967     1.4167     1.3837
    5000      6364.22       1.97e+13     0.2613     1.5658     1.0395
    6000     17674.10       6.15e+13     0.1639     1.6177     0.9685
    7000      8126.71       1.43e+13     0.6017     1.5320     1.0559
    8000      4749.15       6.75e+12     0.8251     1.5606     1.1999
    9000     11680.14       3.74e+13     0.3915     1.5072     1.1566
   10000     14070.31       7.76e+17     1.0019     1.0414     1.5609
   15000      5474.19       2.29e+12     3.2609     1.0769     1.5985
   20000      2851.57       2.40e+13     2.7602     0.9684     1.6451
   30000      1053.83       4.72e+11     1.0654     1.2305     1.2590
   40000      1524.03       2.36e+13     1.6148     1.1212     1.4426

Estimated phase transition (max |d(trace)/dN|): N ~ 3500


--- 45q (2D_Block) :: 45q_readout_raw_data.txt ---
       N    Fisher_Tr     Fisher_Det    KL_prev    Entropy  Frob_Unif
----------------------------------------------------------------------
     500      2531.11       3.38e+09     0.0000     1.6606     0.7778
    1000      6743.87       3.45e+09     0.1625     1.6134     0.8766
    2000     20920.83       3.47e+09     0.0755     1.6526     0.8440
    3000    130581.04       2.31e+10     0.0513     1.6412     0.8645
    4000       271.88       2.28e+09     0.4607     1.5707     1.1140
    5000      6147.11       5.88e+11     0.4848     1.5731     0.9535
    6000      1402.60       3.95e+09     0.2925     1.4840     1.0309
    7000      3485.52       4.03e+10     0.7156     1.5540     0.9259
    8000      1960.43       1.53e+13     1.5633     1.4716     1.2799
    9000      3091.35       9.20e+12     0.3857     1.5401     1.0608
   10000     28914.65       2.85e+17     0.3924     1.5809     0.9277
   15000  43954466.79       1.40e+20     1.5068     1.3453     1.4494
   20000      1630.44       9.14e+12     1.8639     1.2926     1.4022
   30000       277.14       1.36e+10     0.7051     1.4273     1.0736
   40000      2830.26       1.18e+15     1.2326     1.1869     1.4646

Estimated phase transition (max |d(trace)/dN|): N ~ 17500


--- 46q (Bulk_Full) :: 46q_readout_raw_data.txt ---
       N    Fisher_Tr     Fisher_Det    KL_prev    Entropy  Frob_Unif
----------------------------------------------------------------------
     500      9007.61       1.72e+11     0.0000     1.4487     1.1178
    1000       138.59       4.25e+07     1.1953     1.7140     0.6774
    2000        78.78       6.18e+06     0.1966     1.7996     0.5437
    3000        56.32       1.71e+06     0.1041     1.8862     0.3424
    4000     17827.97       3.44e+14     1.2643     1.2870     1.4934
    5000     17678.88       5.08e+13     0.2449     1.5513     1.0771
    6000     14378.60       1.42e+12     0.2681     1.4690     1.1631
    7000     20111.82       7.30e+14     0.9024     1.4230     1.1795
    8000      3202.15       8.99e+12     1.2761     1.5272     1.2406
    9000     12867.87       1.62e+14     0.3648     1.5167     1.1386
   10000     15052.55       1.31e+14     1.3331     1.1555     1.3719
   15000     22270.97       1.16e+13     2.7671     1.0743     1.5789
   20000      4734.30       5.02e+14     2.1897     1.1530     1.5030
   30000     11486.67       2.90e+14     1.5601     1.2278     1.5014
   40000     33933.96       1.60e+18     0.9739     1.1852     1.2925

Estimated phase transition (max |d(trace)/dN|): N ~ 3500


--- 47q (1D_Snake) :: 47q_readout_raw_data.txt ---
       N    Fisher_Tr     Fisher_Det    KL_prev    Entropy  Frob_Unif
----------------------------------------------------------------------
     500      5786.78       1.43e+10     0.0000     1.5790     0.9411
    1000      4798.81       6.13e+09     0.1770     1.6016     0.8940
    2000     21053.73       2.32e+09     0.1559     1.7354     0.6883
    3000    109030.16       1.02e+10     0.0629     1.7400     0.6848
    4000     24907.26       2.05e+13     0.6437     1.5878     1.1821
    5000     96020.09       9.52e+14     0.2603     1.6006     1.0301
    6000      1627.09       5.91e+09     0.1577     1.6329     0.9433
    7000      2027.45       2.10e+14     0.8821     1.6065     0.9446
    8000      6469.90       6.70e+12     1.5551     1.4049     1.2470
    9000     40029.34       6.29e+13     0.2320     1.4202     1.1457
   10000      7831.11       5.15e+12     0.4491     1.4246     1.2130
   15000       923.61       8.22e+09     1.7914     1.4879     1.1435
   20000      1472.56       2.39e+14     1.3671     0.9402     1.6416
   30000      1349.44       4.64e+12     1.3423     1.1568     1.4742
   40000      1347.64       2.53e+14     2.0936     1.0641     1.4980

Estimated phase transition (max |d(trace)/dN|): N ~ 5500


--- 48q (Bulk_Full) :: 48q_readout_raw_data.txt ---
       N    Fisher_Tr     Fisher_Det    KL_prev    Entropy  Frob_Unif
----------------------------------------------------------------------
     500       261.22       2.70e+08     0.0000     1.7071     0.6757
    1000        68.69       6.54e+06     0.2044     1.8285     0.4793
    2000        64.54       4.37e+06     0.1984     1.8473     0.4352
    3000        57.83       2.10e+06     0.0894     1.8833     0.3372
    4000       285.43       1.38e+09     0.5177     1.6078     1.0859
    5000     11422.56       1.57e+13     0.5361     1.4310     1.1918
    6000      1496.69       3.42e+09     0.1638     1.6582     0.8810
    7000      2240.49       1.54e+10     0.2342     1.5866     0.9046
    8000      2287.21       2.11e+13     1.3458     1.5149     1.2238
    9000      7227.77       6.10e+13     0.3924     1.4922     1.1760
   10000    838706.27       8.40e+20     0.7252     1.3021     1.3272
   15000    635290.07       1.09e+17     1.9074     1.1430     1.5278
   20000     62422.31       9.84e+14     1.2880     1.3591     1.2016
   30000       349.69       1.17e+11     1.3021     1.3751     1.1376
   40000      1344.44       1.28e+13     1.2884     0.9917     1.6111

Estimated phase transition (max |d(trace)/dN|): N ~ 9500


--- 49q (1D_Snake) :: 49q_readout_raw_data.txt ---
       N    Fisher_Tr     Fisher_Det    KL_prev    Entropy  Frob_Unif
----------------------------------------------------------------------
     500      7253.86       5.02e+09     0.0000     1.6635     0.7991
    1000       120.05       6.34e+07     0.5306     1.7289     0.6522
    2000        58.99       2.58e+06     0.2167     1.8645     0.4039
    3000        54.28       1.55e+06     0.0773     1.9024     0.2918
    4000      8572.52       1.02e+16     1.0705     1.5020     1.2603
    5000      5454.64       2.75e+13     0.3706     1.5206     1.1206
    6000     13926.91       1.96e+13     0.1213     1.6232     0.9676
    7000      1593.42       6.59e+11     0.5433     1.5959     0.9574
    8000      4163.00       1.57e+12     0.9624     1.5946     1.0496
    9000      9097.21       9.70e+12     0.0737     1.5549     1.0739
   10000      1341.06       3.70e+11     0.6105     1.3911     1.2742
   15000     21794.65       1.14e+13     1.1459     1.5304     0.9361
   20000       428.37       2.04e+09     0.8248     1.5225     0.9567
   30000      2281.69       1.60e+14     0.6204     1.2740     1.2648
   40000       743.81       2.13e+13     0.8126     1.3359     1.1472

Estimated phase transition (max |d(trace)/dN|): N ~ 750


--- 50q (2D_Block) :: 50q_readout_raw_data.txt ---
       N    Fisher_Tr     Fisher_Det    KL_prev    Entropy  Frob_Unif
----------------------------------------------------------------------
     500       128.83       1.40e+08     0.0000     1.6894     0.7408
    1000        71.38       9.23e+06     0.4290     1.7762     0.6032
    2000        60.24       3.22e+06     0.1894     1.8608     0.4051
    3000        52.99       1.32e+06     0.0669     1.9090     0.2737
    4000    110638.41       6.03e+19     0.9072     1.6291     1.1693
    5000     47082.53       1.82e+17     0.3656     1.5846     1.0949
    6000      7765.50       6.85e+12     0.1643     1.6083     0.9977
    7000      5041.93       1.92e+12     0.4722     1.4785     1.0695
    8000      5327.95       3.35e+12     0.8810     1.5447     1.1649
    9000      5994.32       3.55e+12     0.2410     1.4413     1.1672
   10000  26965927.02       4.30e+26     1.6216     1.2245     1.3686
   15000 3506536604.29       6.29e+17     1.8618     1.6690     0.8755
   20000      1967.07       8.70e+10     1.1549     1.4844     1.0899
   30000      2115.28       1.50e+10     0.4578     1.6288     0.8684
   40000     23819.69       2.74e+16     1.1598     0.9567     1.6973

Estimated phase transition (max |d(trace)/dN|): N ~ 17500


--- 51q (Bulk_Full) :: 51q_readout_raw_data.txt ---
       N    Fisher_Tr     Fisher_Det    KL_prev    Entropy  Frob_Unif
----------------------------------------------------------------------
     500       101.35       3.89e+07     0.0000     1.6986     0.7265
    1000        80.44       9.83e+06     0.3644     1.7826     0.5965
    2000        54.98       1.72e+06     0.1316     1.8945     0.3191
    3000        54.03       1.40e+06     0.0602     1.8927     0.3405
    4000       816.43       1.13e+11     0.5220     1.5982     1.1572
    5000      2595.84       2.00e+11     0.3512     1.6009     1.0465
    6000      4713.67       5.35e+10     0.1626     1.6163     0.9540
    7000      4035.67       1.59e+12     0.8055     1.5177     1.0435
    8000     50763.19       8.73e+16     2.4191     1.3995     1.2933
    9000     53257.13       1.00e+17     0.2758     1.5881     1.1173
   10000     12930.89       5.19e+16     0.9054     1.2154     1.3966
   15000       151.75       3.05e+08     1.2241     1.6065     1.0204
   20000     36316.71       1.99e+21     2.9035     0.9080     1.5657
   30000      3546.94       5.03e+13     1.4312     1.4082     1.1240
   40000      2225.69       2.40e+14     1.1165     1.2097     1.2900

Estimated phase transition (max |d(trace)/dN|): N ~ 7500


--- 53q (Bulk_Full) :: 53q_readout_raw_data.txt ---
       N    Fisher_Tr     Fisher_Det    KL_prev    Entropy  Frob_Unif
----------------------------------------------------------------------
     500      3208.16       1.76e+10     0.0000     1.4726     0.9921
    1000        87.20       2.69e+07     0.4943     1.8025     0.5072
    2000       466.72       1.55e+08     0.8000     1.6766     0.7204
    3000       159.08       4.19e+07     0.0800     1.7464     0.5741
    4000     46671.18       7.78e+13     0.7741     1.5946     1.1618
    5000     14501.96       4.99e+12     0.2549     1.6203     1.0034
    6000     10980.22       2.45e+11     0.1612     1.6417     0.9010
    7000     15645.81       2.02e+13     0.2581     1.6407     0.9129
    8000      4543.75       1.52e+13     1.4835     1.3835     1.2471
    9000      2191.98       1.80e+11     0.2177     1.4899     1.0917
   10000      5621.90       4.13e+12     0.4986     1.4600     1.1717
   15000       257.80       2.98e+08     0.9629     1.6846     0.8830
   20000      2575.10       2.17e+11     2.0082     1.2154     1.3562
   30000       823.89       8.79e+10     1.1394     1.3607     1.1123
   40000       904.42       1.04e+12     0.6665     1.2575     1.2671

Estimated phase transition (max |d(trace)/dN|): N ~ 3500


=== SUMMARY: estimated N by topology ===
1D_Snake: n=7, mean=7535.7, std=5236.9, min=750, max=17500
2D_Block: n=14, mean=8375.0, std=5187.6, min=750, max=17500
Bulk_Full: n=7, mean=5500.0, std=2380.5, min=3500, max=9500

=== INTERPRETATION ===
If the Fisher trace shows a sharp change near N~8000 (the Grammar Fingerprinting
classification threshold), this suggests a geometric phase transition in the
information manifold — supporting the hypothesis that the threshold represents
a physical boundary where noise structure becomes geometrically organized.
