=== FISHER INFORMATION METRIC ANALYSIS ===

Files processed: 28
Input directory: .\readout_raw_data


--- 12q (2D_Block) :: 12q_readout_raw_data.txt ---
       N    Fisher_Tr     Fisher_Det    KL_prev    Entropy  Frob_Unif
----------------------------------------------------------------------
     500     82210.53       8.11e+17     0.0000     1.3306     1.3929
    1000     88281.98       1.00e+17     0.0879     1.3823     1.3496
    2000     87592.81       2.52e+16     0.0433     1.4386     1.2577
    3000    835360.45       3.66e+19     0.0322     1.3851     1.3627
    4000   1026549.25       1.83e+20     1.2241     1.3408     1.3889
    5000   2682612.15       3.09e+21     1.8490     1.3293     1.4376
    6000   7151500.06       7.31e+19     0.7212     1.1450     1.5825
    7000   3065763.96       1.12e+18     2.3542     1.2660     1.4563
    8000   8980842.16       6.77e+18     0.8867     1.4553     1.2727
    9000       800.02       2.75e+10     0.6183     1.1232     1.5808
   10000 1519637600.94       1.76e+18     1.1935     1.2573     1.3530
   15000       293.01       1.44e+08     0.9681     1.7181     1.0564
   20000    284615.80       7.70e+22     2.5324     1.2757     1.3774
   30000     28910.50       4.12e+14     1.6869     0.9890     1.5616
   40000       659.56       9.39e+11     2.3205     1.2550     1.3295

Estimated phase transition (max |d(trace)/dN|): N ~ 9500


--- 14q (1D_Snake) :: 14q_readout_raw_data.txt ---
       N    Fisher_Tr     Fisher_Det    KL_prev    Entropy  Frob_Unif
----------------------------------------------------------------------
     500     13669.47       7.66e+15     0.0000     1.4853     1.2747
    1000     54340.37       3.19e+18     0.0349     1.4128     1.4121
    2000     63310.64       6.82e+18     0.0034     1.3899     1.4458
    3000    443228.39       1.01e+22     0.0119     1.4436     1.3563
    4000    408242.71       5.55e+18     1.4051     1.3845     1.4595
    5000   1211340.19       1.96e+21     3.4759     1.4100     1.4129
    6000  44879300.65       4.92e+28     3.7943     1.5710     1.2606
    7000  16455381.39       9.53e+21     2.8457     1.0664     1.6501
    8000  48518475.39       1.50e+18     1.4598     1.2928     1.3779
    9000 228708953.00       3.47e+17     0.8276     1.1206     1.4631
   10000 2731340067.51       2.48e+33    10.4462     1.1900     1.3624
   15000      2163.31       3.57e+11     2.0823     1.3733     1.3330
   20000      1129.31       2.07e+13     0.7892     0.9986     1.5934
   30000     16666.99       9.83e+16     0.5050     1.1235     1.4878
   40000      1166.83       1.36e+11     2.0438     1.1258     1.5077

Estimated phase transition (max |d(trace)/dN|): N ~ 9500


--- 16q (2D_Block) :: 16q_readout_raw_data.txt ---
       N    Fisher_Tr     Fisher_Det    KL_prev    Entropy  Frob_Unif
----------------------------------------------------------------------
     500     33403.48       1.34e+18     0.0000     1.4599     1.2921
    1000     83303.54       1.50e+18     0.6365     1.2815     1.4512
    2000     76321.82       4.00e+16     0.0833     1.3508     1.3760
    3000    617854.79       1.95e+19     0.0120     1.3291     1.4256
    4000    199337.97       3.45e+17     1.0380     1.4436     1.3546
    5000   5001623.79       7.91e+22     3.5125     1.5142     1.2109
    6000 115966626.03       7.27e+22     3.8420     1.3318     1.4120
    7000  24229701.20       5.34e+21     2.4280     1.2206     1.4040
    8000 128599153.63       4.53e+23     1.5682     1.3311     1.4111
    9000 647695190.09       2.19e+18     0.4652     1.3962     1.2278
   10000      9158.91       4.53e+15     0.7781     1.2655     1.3357
   15000      2946.60       5.08e+12     2.3669     0.9870     1.6808
   20000      5044.33       1.99e+14     1.1657     1.3015     1.2494
   30000      1402.14       2.28e+10     1.0062     1.2902     1.2150
   40000      1135.49       8.46e+13     1.5362     1.2160     1.3706

Estimated phase transition (max |d(trace)/dN|): N ~ 9500


--- 18q (1D_Snake) :: 18q_readout_raw_data.txt ---
       N    Fisher_Tr     Fisher_Det    KL_prev    Entropy  Frob_Unif
----------------------------------------------------------------------
     500     12228.76       3.94e+14     0.0000     1.3385     1.3736
    1000     41607.91       1.09e+16     0.0624     1.3901     1.3149
    2000    180849.00       5.95e+18     0.1842     1.2434     1.5088
    3000  18430101.68       1.02e+24     0.0430     1.2819     1.4872
    4000    305193.38       1.31e+18     1.1610     1.5208     1.2185
    5000   1338056.95       1.84e+15     0.5724     1.4501     1.2855
    6000   4715784.09       2.22e+19     1.2401     1.4532     1.2222
    7000      4552.32       1.53e+11     0.2601     1.4657     1.1712
    8000  21478687.99       2.85e+14     1.0676     1.4057     1.2532
    9000 139530583.23       2.37e+15     0.6740     1.2349     1.3550
   10000 635882032.61       4.69e+17     0.4949     1.2642     1.2696
   15000    896249.59       2.75e+21     2.3982     1.4138     1.0881
   20000      3952.79       9.91e+14     2.0642     1.1221     1.4590
   30000      1071.46       2.36e+12     0.7246     1.3715     1.1870
   40000      4590.93       4.64e+14     0.8482     1.2748     1.3812

Estimated phase transition (max |d(trace)/dN|): N ~ 9500


--- 20q (2D_Block) :: 20q_readout_raw_data.txt ---
       N    Fisher_Tr     Fisher_Det    KL_prev    Entropy  Frob_Unif
----------------------------------------------------------------------
     500      9046.55       2.57e+13     0.0000     1.4332     1.2969
    1000     47077.83       6.33e+15     0.0482     1.3825     1.3578
    2000    125725.34       7.62e+16     0.0162     1.4162     1.3153
    3000    511306.82       4.19e+18     0.0084     1.4368     1.2821
    4000    196512.97       1.44e+17     0.8827     1.4171     1.3020
    5000   1714635.83       4.61e+15     1.2006     1.3119     1.3369
    6000  24323649.21       2.85e+20     4.9300     1.4221     1.2840
    7000     13234.04       1.61e+12     1.5215     1.2350     1.3780
    8000 115710386.44       1.17e+19     2.2119     1.2381     1.3881
    9000 145146745.80       5.85e+16     0.8712     1.3155     1.3384
   10000 11926837829.49       8.16e+24     0.4385     1.4216     1.1478
   15000       353.04       2.14e+08     0.7353     1.5762     0.8248
   20000       365.36       1.57e+11     1.3533     1.1934     1.4405
   30000       503.25       4.56e+11     0.9775     1.3726     1.0667
   40000       947.35       8.21e+12     0.9727     1.2448     1.2694

Estimated phase transition (max |d(trace)/dN|): N ~ 9500


--- 22q (1D_Snake) :: 22q_readout_raw_data.txt ---
       N    Fisher_Tr     Fisher_Det    KL_prev    Entropy  Frob_Unif
----------------------------------------------------------------------
     500    109680.84       7.88e+15     0.0000     1.3690     1.2067
    1000     38844.80       6.98e+13     0.3332     1.2783     1.4127
    2000     76775.66       4.07e+13     0.1163     1.4243     1.2242
    3000    386338.12       4.81e+15     0.1098     1.3968     1.2408
    4000     76111.01       2.46e+15     1.0718     1.5540     1.1684
    5000   1103926.23       4.86e+16     0.9608     1.3651     1.2832
    6000  11607349.31       2.19e+20     3.7120     1.5455     1.1595
    7000      4163.34       1.81e+12     1.2532     1.4866     1.1107
    8000      6123.66       1.09e+12     0.9088     1.5384     1.1517
    9000      4581.60       4.92e+11     0.1690     1.4571     1.2421
   10000      1897.31       9.45e+11     0.4789     1.4279     1.1931
   15000    674076.08       3.21e+14     2.1938     1.1966     1.4180
   20000     13755.50       1.12e+15     3.2851     1.2096     1.2167
   30000      2702.62       4.53e+14     0.9160     1.0397     1.5482
   40000       260.38       2.06e+09     0.9645     1.4382     1.0696

Estimated phase transition (max |d(trace)/dN|): N ~ 6500


--- 24q (2D_Block) :: 24q_readout_raw_data.txt ---
       N    Fisher_Tr     Fisher_Det    KL_prev    Entropy  Frob_Unif
----------------------------------------------------------------------
     500    214945.32       5.34e+16     0.0000     1.3691     1.3861
    1000    514959.87       9.25e+18     2.0781     1.3398     1.1971
    2000     34986.08       4.35e+10     0.2185     1.5905     0.8937
    3000     83340.26       1.78e+10     0.0713     1.6576     0.8192
    4000     55103.08       1.73e+13     1.0913     1.5657     1.1944
    5000    907391.20       3.48e+15     0.4815     1.4710     1.2421
    6000   4061787.17       7.27e+15     1.2062     1.4495     1.2569
    7000       413.66       3.28e+09     1.3642     1.5024     1.1445
    8000       726.94       1.53e+11     0.9289     1.5270     1.1635
    9000     12260.93       1.72e+13     0.5746     1.3167     1.3164
   10000     49429.80       5.69e+16     1.7116     1.1283     1.3615
   15000     17549.73       1.04e+15     0.4750     1.5743     1.0060
   20000      1383.68       1.03e+13     0.8951     1.1507     1.4268
   30000       986.82       8.92e+12     1.5310     1.2834     1.2734
   40000       820.61       1.65e+14     0.8658     1.1589     1.5023

Estimated phase transition (max |d(trace)/dN|): N ~ 6500


--- 26q (Bulk_Full) :: 26q_readout_raw_data.txt ---
       N    Fisher_Tr     Fisher_Det    KL_prev    Entropy  Frob_Unif
----------------------------------------------------------------------
     500    138221.01       5.57e+14     0.0000     1.4312     1.2081
    1000     27889.19       4.98e+12     0.0808     1.5025     1.1000
    2000     49382.23       8.83e+12     0.0682     1.5532     1.0143
    3000    206458.87       9.40e+13     0.0327     1.5599     1.0258
    4000    189117.24       6.45e+16     0.9784     1.5472     1.2090
    5000    699283.70       6.94e+15     0.6673     1.4879     1.1524
    6000   3694548.72       2.14e+17     3.1728     1.5567     1.1686
    7000      3166.07       4.18e+10     0.4264     1.5782     1.0478
    8000      4235.04       1.92e+16     1.7498     1.4179     1.2786
    9000      5656.05       1.85e+12     0.4930     1.5142     1.0349
   10000     34687.69       3.06e+16     0.5715     1.3984     1.1973
   15000      4429.24       1.03e+13     1.4911     1.2240     1.3185
   20000     10181.09       7.14e+13     1.0092     1.1450     1.4947
   30000      1921.97       1.19e+12     1.9455     1.3101     1.2067
   40000       915.11       1.45e+14     1.5309     1.1809     1.4074

Estimated phase transition (max |d(trace)/dN|): N ~ 6500


--- 28q (1D_Snake) :: 28q_readout_raw_data.txt ---
       N    Fisher_Tr     Fisher_Det    KL_prev    Entropy  Frob_Unif
----------------------------------------------------------------------
     500     14822.39       2.25e+13     0.0000     1.4566     1.0512
    1000      4661.24       2.13e+10     0.2256     1.5702     0.8790
    2000     76564.00       1.75e+13     0.4061     1.5043     1.1186
    3000    194982.71       5.85e+13     0.0459     1.6002     0.9587
    4000     77295.35       4.24e+18     0.8889     1.4482     1.2995
    5000   1209788.63       1.20e+21     0.6361     1.3354     1.3586
    6000     13724.38       1.74e+13     0.9096     1.4074     1.1963
    7000      4153.07       4.86e+11     0.4908     1.4323     1.1184
    8000     29807.47       2.17e+15     2.4665     1.0842     1.6088
    9000     18259.40       4.64e+13     0.7450     1.2114     1.4487
   10000      5001.88       4.10e+13     1.4916     1.0719     1.4975
   15000     51645.60       1.35e+15     1.7880     1.3064     1.2898
   20000    114583.57       4.72e+14     1.0397     1.2875     1.2685
   30000       421.50       5.17e+09     1.0804     1.3242     1.2284
   40000      1421.61       1.77e+13     2.2788     1.1592     1.3748

Estimated phase transition (max |d(trace)/dN|): N ~ 5500


--- 30q (2D_Block) :: 30q_readout_raw_data.txt ---
       N    Fisher_Tr     Fisher_Det    KL_prev    Entropy  Frob_Unif
----------------------------------------------------------------------
     500     17743.35       7.04e+12     0.0000     1.5753     0.9179
    1000      4944.06       1.00e+09     0.1610     1.7127     0.7212
    2000     43125.12       6.23e+09     0.1415     1.7258     0.7050
    3000       192.88       1.53e+07     0.1909     1.7336     0.6090
    4000      1652.42       1.30e+12     0.8626     1.4948     1.3214
    5000     20997.28       5.91e+13     0.3561     1.5374     1.1097
    6000      2347.26       2.12e+10     0.3388     1.5710     1.0178
    7000      5869.55       5.93e+12     1.5312     1.5274     1.0443
    8000     24778.44       6.10e+15     1.5913     1.3431     1.3585
    9000      4195.95       1.45e+12     0.4222     1.5210     1.0700
   10000      1883.91       8.91e+12     1.0016     1.3102     1.2336
   15000      1891.26       9.18e+10     1.7373     1.4221     1.1599
   20000      1236.78       1.13e+11     2.0968     1.2356     1.2429
   30000      1577.44       1.06e+13     0.9832     1.4621     1.0209
   40000      1994.38       3.91e+14     0.5169     1.2588     1.2428

Estimated phase transition (max |d(trace)/dN|): N ~ 2500


--- 32q (1D_Snake) :: 32q_readout_raw_data.txt ---
       N    Fisher_Tr     Fisher_Det    KL_prev    Entropy  Frob_Unif
----------------------------------------------------------------------
     500      5650.70       1.09e+12     0.0000     1.4501     1.0864
    1000     10243.61       1.62e+10     0.2566     1.4818     1.0822
    2000     31246.28       6.56e+09     0.1156     1.6743     0.7908
    3000     93654.15       2.88e+10     0.1232     1.6114     0.8743
    4000    119558.45       1.32e+16     0.8413     1.4973     1.2939
    5000      8439.76       1.10e+13     0.2739     1.5676     1.0644
    6000     10347.77       1.08e+12     0.2389     1.4716     1.1756
    7000     25106.73       2.12e+12     0.1376     1.4576     1.2607
    8000       897.57       5.19e+09     0.8630     1.5240     1.0866
    9000     22605.36       8.88e+11     0.3866     1.3071     1.2760
   10000       787.27       2.81e+12     0.8745     1.1758     1.3479
   15000    341817.07       4.32e+21     1.2907     1.4925     1.1469
   20000      2949.50       7.55e+14     2.2987     0.9620     1.6582
   30000       741.46       1.21e+11     1.4043     1.5307     0.9077
   40000      1033.55       4.49e+13     0.9054     1.1999     1.3766

Estimated phase transition (max |d(trace)/dN|): N ~ 4500


--- 34q (2D_Block) :: 34q_readout_raw_data.txt ---
       N    Fisher_Tr     Fisher_Det    KL_prev    Entropy  Frob_Unif
----------------------------------------------------------------------
     500      2253.77       2.30e+10     0.0000     1.5093     0.9635
    1000      2825.20       5.58e+08     0.3654     1.7190     0.7129
    2000     26041.34       3.91e+09     0.1353     1.6932     0.7762
    3000     44314.74       4.87e+09     0.0607     1.7135     0.7370
    4000     24406.61       1.96e+14     1.4454     1.5928     1.0520
    5000    488951.15       4.94e+13     0.5215     1.4998     1.0886
    6000      6961.30       2.11e+11     0.4343     1.5426     1.0704
    7000      1772.04       1.57e+10     0.6345     1.5585     0.9819
    8000      1318.34       4.73e+11     0.9978     1.5422     1.2246
    9000     12086.15       4.39e+13     0.2785     1.5825     1.0447
   10000      2839.15       3.55e+11     0.0484     1.5761     1.0905
   15000       303.86       1.13e+09     0.9714     1.4903     1.2950
   20000      1710.44       7.61e+13     2.6495     1.0435     1.6328
   30000       782.08       2.30e+10     0.9430     1.3226     1.1673
   40000       970.58       3.12e+12     1.2215     1.2728     1.3085

Estimated phase transition (max |d(trace)/dN|): N ~ 5500


--- 36q (Bulk_Full) :: 36q_readout_raw_data.txt ---
       N    Fisher_Tr     Fisher_Det    KL_prev    Entropy  Frob_Unif
----------------------------------------------------------------------
     500     30191.62       4.05e+12     0.0000     1.5637     0.9269
    1000      1435.25       5.14e+09     0.7953     1.4807     1.0577
    2000       151.73       1.55e+07     0.3555     1.7521     0.5734
    3000        95.52       5.43e+06     0.0789     1.7662     0.5790
    4000    129453.90       5.15e+15     1.7795     1.5443     1.1990
    5000     18645.33       1.25e+15     0.6552     1.3839     1.2983
    6000      5196.36       1.78e+12     0.3510     1.5484     0.9518
    7000      4158.91       3.15e+12     0.7239     1.3875     1.1769
    8000      3076.97       2.59e+13     1.1252     1.5230     1.2320
    9000      4738.58       1.36e+16     1.0382     1.3789     1.1687
   10000     20393.14       6.60e+16     0.5852     1.4343     1.0562
   15000    704346.12       1.04e+18     2.1120     1.3699     1.2112
   20000      2209.46       1.63e+14     1.8479     1.1924     1.4042
   30000      4433.40       2.47e+13     0.8513     1.3904     1.0767
   40000       642.76       6.95e+12     0.6175     1.1078     1.4953

Estimated phase transition (max |d(trace)/dN|): N ~ 17500


--- 38q (Bulk_Full) :: 38q_readout_raw_data.txt ---
       N    Fisher_Tr     Fisher_Det    KL_prev    Entropy  Frob_Unif
----------------------------------------------------------------------
     500      3744.98       2.28e+11     0.0000     1.4349     1.0967
    1000     11625.81       2.47e+11     0.4733     1.4781     1.0406
    2000     34706.16       2.57e+11     0.1762     1.5493     0.9336
    3000    130064.40       2.11e+11     0.1101     1.5717     0.8963
    4000     38270.92       2.11e+17     1.1591     1.4335     1.2817
    5000    384882.97       4.46e+14     0.6300     1.5808     1.0368
    6000      6587.04       9.25e+10     0.2118     1.6112     0.9055
    7000     17855.07       8.44e+11     0.2481     1.6189     0.9602
    8000      1097.50       1.68e+11     0.8721     1.4780     1.2474
    9000      1594.00       1.83e+11     0.5562     1.4451     1.2869
   10000      2895.40       9.40e+11     0.6561     1.2518     1.2709
   15000       207.26       5.07e+08     1.6656     1.4961     1.1626
   20000       528.48       2.44e+11     1.4809     1.2721     1.2248
   30000       115.37       1.00e+08     0.5710     1.6782     0.7646
   40000      1292.04       4.00e+12     1.0387     1.1981     1.3358

Estimated phase transition (max |d(trace)/dN|): N ~ 5500


--- 39q (2D_Block) :: 39q_readout_raw_data.txt ---
       N    Fisher_Tr     Fisher_Det    KL_prev    Entropy  Frob_Unif
----------------------------------------------------------------------
     500     16645.73       8.50e+10     0.0000     1.5601     0.9511
    1000      8010.49       4.99e+09     0.2232     1.5924     0.9341
    2000     17051.49       1.65e+09     0.1463     1.7420     0.6819
    3000    141794.71       1.43e+10     0.0499     1.7211     0.7292
    4000      3709.34       2.49e+14     1.2943     1.5045     1.2407
    5000     23682.45       5.42e+14     0.3776     1.5290     1.0991
    6000     10210.65       7.47e+12     0.1753     1.6266     0.9529
    7000    281693.43       3.45e+25     1.1030     1.4056     1.0926
    8000       936.42       2.49e+09     0.9642     1.4991     1.1232
    9000      1431.45       7.87e+09     0.2099     1.3863     1.1907
   10000      3297.56       5.38e+11     0.7230     1.3384     1.1813
   15000       141.92       8.85e+07     0.9987     1.6372     1.0047
   20000     10600.68       3.66e+15     1.0641     1.0448     1.5919
   30000       767.02       3.16e+10     1.3232     1.3256     1.2244
   40000      4709.21       5.17e+12     2.2574     1.1734     1.4122

Estimated phase transition (max |d(trace)/dN|): N ~ 7500


--- 40q (2D_Block) :: 40q_readout_raw_data.txt ---
       N    Fisher_Tr     Fisher_Det    KL_prev    Entropy  Frob_Unif
----------------------------------------------------------------------
     500      2864.59       3.43e+10     0.0000     1.4498     1.0758
    1000     14398.20       7.66e+10     0.3107     1.5291     1.0001
    2000        85.33       6.17e+06     0.5282     1.7988     0.5286
    3000        63.50       2.45e+06     0.0732     1.8643     0.3971
    4000      1641.35       2.36e+12     1.1103     1.4037     1.3234
    5000      8597.62       1.38e+13     0.4352     1.4025     1.1675
    6000      1708.39       4.71e+10     0.3104     1.5477     1.0330
    7000     56670.79       3.10e+18     0.8362     1.3425     1.1592
    8000      1182.85       1.65e+11     1.3540     1.4567     1.2241
    9000     34299.03       2.05e+13     0.3217     1.3850     1.1957
   10000      3018.99       6.00e+12     0.5273     1.4532     1.1566
   15000      1785.85       6.00e+12     1.8042     1.2798     1.4461
   20000      2579.50       4.28e+14     1.8977     1.0235     1.5310
   30000      4450.19       1.01e+12     1.7423     1.2526     1.2145
   40000      1650.65       1.14e+11     0.8531     1.4455     1.0942

Estimated phase transition (max |d(trace)/dN|): N ~ 7500


--- 41q (2D_Block) :: 41q_readout_raw_data.txt ---
       N    Fisher_Tr     Fisher_Det    KL_prev    Entropy  Frob_Unif
----------------------------------------------------------------------
     500      5944.12       2.39e+10     0.0000     1.6313     0.8645
    1000      3784.51       2.66e+10     0.7627     1.5413     0.9057
    2000     35704.61       4.66e+09     0.3173     1.6796     0.8018
    3000    227310.23       1.95e+10     0.0704     1.7521     0.6625
    4000      1632.32       3.22e+10     0.6834     1.6026     1.0773
    5000     15975.95       7.26e+15     0.6757     1.5118     1.1043
    6000      5227.43       6.84e+10     0.3078     1.5989     0.8552
    7000      2637.21       1.43e+11     0.8574     1.3267     1.2680
    8000       978.80       1.50e+11     0.9096     1.5853     1.1921
    9000     12642.23       4.16e+13     0.3062     1.5333     1.1169
   10000     16544.54       1.54e+14     0.2191     1.4994     1.1099
   15000       149.22       1.83e+08     0.5691     1.7067     0.7827
   20000      2189.88       1.83e+10     1.1337     1.3516     1.2187
   30000    356901.90       7.04e+22     3.5145     0.9282     1.5930
   40000      4565.28       1.53e+15     1.5224     1.2168     1.2877

Estimated phase transition (max |d(trace)/dN|): N ~ 3500


--- 42q (2D_Block) :: 42q_readout_raw_data.txt ---
       N    Fisher_Tr     Fisher_Det    KL_prev    Entropy  Frob_Unif
----------------------------------------------------------------------
     500       190.82       8.83e+08     0.0000     1.7256     0.6464
    1000        78.23       7.41e+06     0.2789     1.7787     0.5776
    2000        72.54       5.09e+06     0.2040     1.8045     0.5288
    3000        56.89       2.08e+06     0.0961     1.8830     0.3537
    4000       927.75       2.15e+11     0.7274     1.5665     1.1989
    5000     21144.62       7.45e+13     0.4459     1.5073     1.0260
    6000      1592.92       3.95e+10     0.4754     1.5485     0.9557
    7000      1906.59       6.45e+11     1.1075     1.6019     0.9523
    8000      2550.23       7.28e+11     1.3543     1.1925     1.4042
    9000      5952.15       1.43e+13     0.4093     1.2477     1.4044
   10000      4915.93       4.06e+14     1.0869     1.3180     1.2253
   15000       245.44       1.14e+10     1.4303     1.1866     1.5884
   20000      1290.91       1.16e+13     2.2505     0.9905     1.6115
   30000     11132.24       1.39e+16     1.5626     1.3686     1.2037
   40000      1263.01       1.57e+13     1.2259     1.1284     1.4484

Estimated phase transition (max |d(trace)/dN|): N ~ 4500


--- 43q (2D_Block) :: 43q_readout_raw_data.txt ---
       N    Fisher_Tr     Fisher_Det    KL_prev    Entropy  Frob_Unif
----------------------------------------------------------------------
     500       121.36       6.27e+07     0.0000     1.6934     0.6980
    1000        60.93       3.38e+06     0.3245     1.8391     0.4815
    2000        61.84       2.91e+06     0.1369     1.8665     0.3880
    3000        54.06       1.40e+06     0.0784     1.9067     0.2740
    4000     31253.70       1.51e+18     1.3545     1.4682     1.2048
    5000      8525.03       1.04e+14     0.5540     1.4058     1.1889
    6000      5477.89       2.33e+11     0.5255     1.5648     0.9596
    7000     19701.17       5.15e+12     0.4651     1.3815     1.1680
    8000      3523.84       3.78e+13     1.0632     1.4623     1.2349
    9000      5559.12       4.19e+13     0.7258     1.4164     1.1627
   10000      2425.81       1.09e+12     0.2454     1.3345     1.2084
   15000 4421027787.83       4.71e+16     1.8386     1.5560     0.9066
   20000      1778.21       7.62e+11     1.4579     1.3175     1.2398
   30000      7820.66       1.52e+15     2.1007     1.1387     1.4716
   40000       780.31       1.19e+13     0.8738     1.3108     1.2513

Estimated phase transition (max |d(trace)/dN|): N ~ 17500


--- 44q (2D_Block) :: 44q_readout_raw_data.txt ---
       N    Fisher_Tr     Fisher_Det    KL_prev    Entropy  Frob_Unif
----------------------------------------------------------------------
     500     14159.20       4.00e+11     0.0000     1.5776     0.9423
    1000      3151.10       2.01e+09     0.2738     1.6192     0.8676
    2000     20993.73       6.12e+09     0.1593     1.7250     0.6926
    3000     91247.66       8.21e+09     0.0453     1.7419     0.6754
    4000     37541.90       5.63e+15     1.5822     1.4428     1.3412
    5000      5594.13       6.53e+12     0.3567     1.5352     1.0679
    6000     10010.55       1.45e+13     0.2122     1.5967     1.0079
    7000     28175.72       1.92e+13     0.5568     1.4579     1.1161
    8000      2424.06       1.80e+12     0.7259     1.5586     1.2050
    9000      7560.19       1.81e+13     0.2892     1.5469     1.0922
   10000     45861.08       3.39e+19     0.8856     1.1995     1.3356
   15000      1368.69       7.29e+10     2.0552     1.1001     1.5805
   20000     10327.61       9.69e+14     3.8647     0.9269     1.6165
   30000       803.92       2.26e+12     1.4217     1.1085     1.4188
   40000      2037.06       5.96e+13     1.6375     1.1514     1.4141

Estimated phase transition (max |d(trace)/dN|): N ~ 2500


--- 45q (2D_Block) :: 45q_readout_raw_data.txt ---
       N    Fisher_Tr     Fisher_Det    KL_prev    Entropy  Frob_Unif
----------------------------------------------------------------------
     500      2668.35       1.54e+10     0.0000     1.5477     0.9488
    1000      6509.86       4.06e+09     0.3663     1.5976     0.8931
    2000     22622.60       3.50e+09     0.1093     1.6815     0.7827
    3000    160550.89       2.92e+10     0.0672     1.6183     0.9173
    4000       295.50       1.20e+09     0.3335     1.6524     1.0069
    5000     10347.19       2.17e+12     0.3992     1.5440     1.0011
    6000      1730.58       9.01e+09     0.2776     1.5190     0.9578
    7000       732.27       4.16e+09     0.7199     1.5445     0.9727
    8000      3180.34       6.91e+13     1.3647     1.5437     1.2152
    9000      6900.31       1.73e+14     0.3662     1.5277     1.0725
   10000     10780.30       2.55e+16     0.4011     1.5685     0.9333
   15000      2095.66       8.41e+12     1.2064     1.4937     1.2400
   20000      3994.34       2.49e+14     1.5956     1.2757     1.4411
   30000      1161.15       1.71e+12     0.8516     1.3590     1.1398
   40000      1796.79       5.65e+14     1.2696     1.2780     1.3911

Estimated phase transition (max |d(trace)/dN|): N ~ 3500


--- 46q (Bulk_Full) :: 46q_readout_raw_data.txt ---
       N    Fisher_Tr     Fisher_Det    KL_prev    Entropy  Frob_Unif
----------------------------------------------------------------------
     500     19611.19       1.51e+15     0.0000     1.5214     0.9682
    1000        75.75       7.20e+06     0.5952     1.7984     0.5309
    2000        59.45       2.18e+06     0.1387     1.8661     0.3887
    3000        56.31       1.58e+06     0.0680     1.8891     0.3312
    4000       804.55       7.86e+10     0.7499     1.5475     1.1676
    5000      5129.39       3.30e+12     0.5316     1.5542     1.0777
    6000      3949.18       1.07e+11     0.2603     1.4934     1.1102
    7000     10580.91       1.76e+15     0.8887     1.4516     1.1243
    8000      3619.89       3.08e+13     1.0536     1.4960     1.2622
    9000      6095.82       2.90e+13     0.4323     1.5007     1.1785
   10000     10110.86       6.53e+16     1.1777     1.2294     1.3272
   15000       912.96       4.37e+10     2.0625     1.2349     1.3766
   20000     11274.00       1.78e+16     2.5729     1.1068     1.5671
   30000     11477.62       5.10e+15     1.3428     1.2140     1.5121
   40000     17468.51       4.68e+18     0.9593     1.1854     1.2795

Estimated phase transition (max |d(trace)/dN|): N ~ 750


--- 47q (1D_Snake) :: 47q_readout_raw_data.txt ---
       N    Fisher_Tr     Fisher_Det    KL_prev    Entropy  Frob_Unif
----------------------------------------------------------------------
     500     10870.74       1.74e+10     0.0000     1.5247     1.0117
    1000     25321.97       2.75e+10     0.1915     1.5721     0.9749
    2000     35673.86       4.53e+09     0.1425     1.7327     0.6868
    3000     82118.80       6.78e+09     0.0805     1.7725     0.6174
    4000      4495.93       2.68e+12     0.5973     1.6176     1.1664
    5000     17141.96       9.64e+13     0.3755     1.6036     1.0086
    6000      6215.09       1.10e+11     0.1241     1.6236     0.9504
    7000      1801.94       5.59e+13     0.7923     1.5982     0.9597
    8000     10522.54       1.10e+13     1.2782     1.4242     1.2084
    9000      6128.34       3.72e+12     0.2043     1.4332     1.1502
   10000      2530.60       6.97e+11     0.3139     1.4427     1.1591
   15000      1288.41       1.03e+10     1.7131     1.5780     0.9988
   20000      1462.13       6.23e+13     1.4876     0.9469     1.6638
   30000       606.36       8.19e+11     1.3264     1.1736     1.4498
   40000      1349.58       6.10e+13     1.8682     1.0908     1.4942

Estimated phase transition (max |d(trace)/dN|): N ~ 3500


--- 48q (Bulk_Full) :: 48q_readout_raw_data.txt ---
       N    Fisher_Tr     Fisher_Det    KL_prev    Entropy  Frob_Unif
----------------------------------------------------------------------
     500       244.17       5.35e+09     0.0000     1.6419     0.7633
    1000        81.36       1.92e+07     0.3878     1.7537     0.6210
    2000        57.29       2.03e+06     0.2125     1.8727     0.3791
    3000        58.76       2.28e+06     0.1103     1.8750     0.3639
    4000       351.62       1.14e+09     0.4490     1.6273     1.0856
    5000     18193.02       1.63e+13     0.4176     1.5138     1.0527
    6000      1871.43       7.64e+09     0.1419     1.6709     0.8700
    7000       739.67       1.07e+10     0.3609     1.5564     0.9586
    8000      2971.72       3.34e+13     1.2659     1.4998     1.2709
    9000     12166.97       8.64e+13     0.4152     1.5156     1.1100
   10000    123530.27       3.41e+24     0.9045     1.3170     1.2877
   15000      1714.91       6.92e+11     1.8134     1.2390     1.4174
   20000      2405.73       1.26e+14     1.0598     1.2527     1.3287
   30000      3211.93       3.74e+15     1.1448     1.1448     1.4750
   40000       787.86       1.29e+12     1.2280     1.0230     1.5798

Estimated phase transition (max |d(trace)/dN|): N ~ 9500


--- 49q (1D_Snake) :: 49q_readout_raw_data.txt ---
       N    Fisher_Tr     Fisher_Det    KL_prev    Entropy  Frob_Unif
----------------------------------------------------------------------
     500      3957.72       5.94e+09     0.0000     1.5867     0.8897
    1000        70.82       7.89e+06     0.4610     1.8087     0.5182
    2000        58.70       2.50e+06     0.1897     1.8544     0.4409
    3000        52.46       1.30e+06     0.0903     1.9147     0.2472
    4000      7354.54       1.56e+16     0.9637     1.5159     1.2350
    5000     16383.01       2.54e+14     0.3444     1.5350     1.0912
    6000     13993.42       3.05e+13     0.1006     1.6151     0.9788
    7000      2323.46       2.75e+12     0.5602     1.4396     1.1648
    8000      1766.67       9.40e+10     1.3515     1.5944     1.0528
    9000     41836.84       2.26e+14     0.0353     1.5681     1.0504
   10000      8290.35       6.17e+12     0.3003     1.4069     1.2466
   15000    124720.82       1.42e+16     1.6422     1.3772     1.1280
   20000       637.53       4.47e+09     1.7102     1.3957     1.1018
   30000      2249.47       1.28e+14     0.8627     1.3634     1.1492
   40000       902.43       7.68e+12     0.6568     1.3322     1.1417

Estimated phase transition (max |d(trace)/dN|): N ~ 8500


--- 50q (2D_Block) :: 50q_readout_raw_data.txt ---
       N    Fisher_Tr     Fisher_Det    KL_prev    Entropy  Frob_Unif
----------------------------------------------------------------------
     500       112.02       7.41e+07     0.0000     1.6782     0.7335
    1000        69.00       7.28e+06     0.3223     1.8197     0.5015
    2000        56.47       2.11e+06     0.1308     1.8860     0.3461
    3000        53.90       1.56e+06     0.0704     1.9013     0.3025
    4000     39715.56       4.12e+18     1.0511     1.6271     1.1763
    5000     36065.42       1.55e+17     0.3585     1.5942     1.0779
    6000     18622.54       6.09e+13     0.1601     1.6242     0.9688
    7000      8444.05       3.99e+12     0.4654     1.4545     1.0972
    8000       597.98       1.06e+10     0.8580     1.5497     1.1753
    9000      2971.58       2.53e+11     0.2836     1.5082     1.0602
   10000   1883894.70       5.10e+26     1.3503     1.2134     1.3682
   15000 3538574309.31       1.24e+19     1.8019     1.5228     1.0341
   20000      1526.56       1.82e+11     1.3097     1.5077     1.0685
   30000      1008.22       1.75e+10     0.4714     1.5648     0.9626
   40000      6852.65       6.30e+15     0.8263     1.0180     1.6376

Estimated phase transition (max |d(trace)/dN|): N ~ 17500


--- 51q (Bulk_Full) :: 51q_readout_raw_data.txt ---
       N    Fisher_Tr     Fisher_Det    KL_prev    Entropy  Frob_Unif
----------------------------------------------------------------------
     500       495.45       9.17e+09     0.0000     1.6854     0.6900
    1000        77.91       1.09e+07     0.3732     1.7706     0.5962
    2000        58.31       2.35e+06     0.1743     1.8687     0.3918
    3000        52.94       1.29e+06     0.0829     1.9052     0.2902
    4000       446.30       1.38e+10     0.4869     1.6178     1.1503
    5000     15994.07       1.87e+13     0.3390     1.5705     1.0952
    6000      4489.50       4.96e+10     0.1639     1.6176     0.9574
    7000      3312.79       8.47e+11     0.6644     1.5192     1.0695
    8000      4721.36       9.18e+13     1.8433     1.3338     1.4051
    9000    234804.05       3.02e+18     0.3236     1.5782     1.1307
   10000     27411.05       2.10e+15     0.3530     1.3468     1.1921
   15000      1102.39       3.07e+10     1.6399     1.6000     0.9569
   20000     23070.85       7.17e+19     3.1572     0.9331     1.5675
   30000     22023.79       1.63e+13     1.7953     1.3864     1.1944
   40000      1159.99       1.12e+13     0.8842     1.1789     1.3257

Estimated phase transition (max |d(trace)/dN|): N ~ 8500


--- 53q (Bulk_Full) :: 53q_readout_raw_data.txt ---
       N    Fisher_Tr     Fisher_Det    KL_prev    Entropy  Frob_Unif
----------------------------------------------------------------------
     500     16154.50       7.02e+10     0.0000     1.4612     0.9714
    1000        63.40       4.46e+06     0.6512     1.8304     0.4845
    2000       342.80       4.03e+07     0.7502     1.6559     0.7344
    3000       220.13       1.89e+07     0.0954     1.7018     0.6564
    4000      8500.13       1.05e+13     0.7598     1.6064     1.1319
    5000      4549.35       1.35e+12     0.2615     1.6348     0.9778
    6000      2278.17       1.06e+10     0.1460     1.6456     0.8995
    7000      1611.09       3.78e+11     0.3622     1.6407     0.9123
    8000      1538.03       2.56e+12     1.1371     1.3694     1.3097
    9000      7498.33       2.26e+12     0.1798     1.4479     1.1555
   10000      3919.71       4.62e+12     0.5346     1.5140     1.0783
   15000       142.63       7.30e+07     0.8623     1.7048     0.8764
   20000      1495.72       4.93e+11     2.0306     1.1485     1.4092
   30000       421.21       4.29e+10     1.1754     1.3797     1.1126
   40000       628.17       3.61e+11     0.6647     1.2430     1.2901

Estimated phase transition (max |d(trace)/dN|): N ~ 750


=== SUMMARY: estimated N by topology ===
1D_Snake: n=7, mean=6785.7, std=2430.0, min=3500, max=9500
2D_Block: n=14, mean=7642.9, std=4865.2, min=2500, max=17500
Bulk_Full: n=7, mean=7000.0, std=5764.5, min=750, max=17500

=== INTERPRETATION ===
If the Fisher trace shows a sharp change near N~8000 (the Grammar Fingerprinting
classification threshold), this suggests a geometric phase transition in the
information manifold — supporting the hypothesis that the threshold represents
a physical boundary where noise structure becomes geometrically organized.
