=== FISHER INFORMATION METRIC ANALYSIS ===

Files processed: 28
Input directory: C:\Users\csapl\.gemini\antigravity\scratch\QuantumCircuit\Grammar_Fingerprinting_Archive\Grammar_Fingerprinting_Code_and_Results_v1.0\QuantumCircuit_Grammar_Research_Archive\readout_raw_data


--- 12q (2D_Block) :: 12q_readout_raw_data.txt ---
       N    Fisher_Tr     Fisher_Det    KL_prev    Entropy  Frob_Unif
----------------------------------------------------------------------
     500     73577.25       2.84e+24     0.0000     1.6361     1.4448
    1000     75072.61       5.30e+23     0.0525     1.7045     1.3465
    2000    383742.52       2.77e+27     0.0393     1.6507     1.4469
    3000   1246884.43       1.79e+30     0.0428     1.5666     1.6023
    4000   3510453.34       1.67e+27     1.1814     1.3205     1.7132
    5000  12917598.86       6.79e+28     1.2330     1.3369     1.7411
    6000  18045320.85       1.68e+30     0.5021     1.6173     1.5490
    7000   4221570.95       6.88e+25     1.9292     1.7412     1.2433
    8000 177124153.75       1.41e+27     2.6274     1.4890     1.5582
    9000  22366117.29       1.21e+28     1.2139     1.5006     1.5349
   10000 2075670392.82       2.18e+26     2.5168     1.5431     1.4128
   15000      4388.76       5.41e+13     1.1634     1.8531     1.2084
   20000     33232.87       3.22e+26     1.7813     1.3900     1.5658
   30000      3107.50       4.99e+18     1.3066     1.2931     1.5854
   40000      2260.22       3.45e+16     2.1538     1.5721     1.3026

Estimated phase transition (max |d(trace)/dN|): N ~ 9500


--- 14q (1D_Snake) :: 14q_readout_raw_data.txt ---
       N    Fisher_Tr     Fisher_Det    KL_prev    Entropy  Frob_Unif
----------------------------------------------------------------------
     500     42154.86       1.09e+23     0.0000     1.6152     1.5110
    1000    124584.74       6.71e+22     0.4104     1.5836     1.4744
    2000    765536.68       1.15e+26     0.0478     1.6281     1.3895
    3000   1099647.84       1.11e+26     0.0514     1.6602     1.3622
    4000    215102.05       8.84e+26     2.2590     1.7762     1.3468
    5000   9914217.24       1.74e+34     3.0714     1.6855     1.5036
    6000  40026088.95       6.56e+31     0.5635     1.6939     1.3661
    7000  44867363.42       1.72e+34     1.9779     1.3684     1.7636
    8000  69942486.84       4.94e+28     1.4800     1.4119     1.7342
    9000 1141945049.51       1.60e+34     8.0205     1.4558     1.4866
   10000 1099613344.16       1.23e+34     0.3650     1.5732     1.3348
   15000 210044450.02       4.44e+20     2.6443     1.8410     1.1989
   20000     80366.46       1.15e+28     2.4199     1.1871     1.7293
   30000      3735.59       1.65e+19     0.9296     1.3461     1.5974
   40000     20433.19       1.96e+17     1.3902     1.4791     1.4571

Estimated phase transition (max |d(trace)/dN|): N ~ 8500


--- 16q (2D_Block) :: 16q_readout_raw_data.txt ---
       N    Fisher_Tr     Fisher_Det    KL_prev    Entropy  Frob_Unif
----------------------------------------------------------------------
     500   1360330.51       7.32e+31     0.0000     1.5663     1.5667
    1000     44343.53       1.28e+23     0.0718     1.6554     1.4378
    2000     84553.20       1.80e+24     0.0165     1.6548     1.4464
    3000   1110822.81       9.64e+29     0.0107     1.6005     1.5403
    4000   3904243.68       6.31e+30     0.9132     1.7364     1.4067
    5000   4448800.15       2.29e+28     3.0177     1.7174     1.2835
    6000  29070890.20       4.95e+34     3.1645     1.6045     1.5215
    7000   3361671.18       8.24e+27     1.5992     1.5872     1.3812
    8000  39092172.56       3.65e+27     2.3071     1.4641     1.6481
    9000 118809991.61       2.97e+23     0.1517     1.5917     1.4362
   10000 1410618312.97       2.84e+30     1.6374     1.2940     1.6811
   15000 9107953066.59       6.98e+29     6.4696     1.4658     1.5842
   20000    112156.15       7.17e+28     2.3130     1.3761     1.5550
   30000      3097.43       8.79e+16     1.4446     1.3344     1.5510
   40000     15317.01       1.01e+27     2.4033     1.2680     1.5534

Estimated phase transition (max |d(trace)/dN|): N ~ 17500


--- 18q (1D_Snake) :: 18q_readout_raw_data.txt ---
       N    Fisher_Tr     Fisher_Det    KL_prev    Entropy  Frob_Unif
----------------------------------------------------------------------
     500     31415.76       1.80e+21     0.0000     1.5394     1.5268
    1000     79633.01       9.24e+21     0.1265     1.6352     1.3703
    2000    245737.55       2.11e+23     0.0881     1.7000     1.2772
    3000   1052113.67       1.05e+26     0.0245     1.6733     1.3342
    4000    345693.76       3.24e+22     1.0548     1.6899     1.4035
    5000   3436780.48       6.32e+27     1.3233     1.6729     1.4282
    6000  12297479.47       1.69e+27     0.5143     1.6630     1.3309
    7000  37783830.51       3.21e+25     0.5673     1.5867     1.3408
    8000  88345349.89       3.54e+25     1.0803     1.5885     1.3466
    9000     63247.23       1.30e+19     0.2187     1.6876     1.2373
   10000 466887877.71       3.16e+28     5.2417     1.6039     1.3190
   15000   6621472.80       2.24e+27     1.4080     1.7981     1.2106
   20000      1155.46       2.82e+14     1.2133     1.7122     1.0375
   30000      3694.20       8.83e+14     0.6194     1.6977     1.0657
   40000     11029.68       6.94e+20     0.6217     1.4580     1.5086

Estimated phase transition (max |d(trace)/dN|): N ~ 9500


--- 20q (2D_Block) :: 20q_readout_raw_data.txt ---
       N    Fisher_Tr     Fisher_Det    KL_prev    Entropy  Frob_Unif
----------------------------------------------------------------------
     500    183398.66       5.05e+24     0.0000     1.5195     1.5593
    1000    121605.34       7.81e+22     0.2345     1.5556     1.4979
    2000    533158.68       2.13e+25     0.0656     1.5528     1.5138
    3000    592354.56       1.23e+25     0.0277     1.6210     1.4246
    4000    460699.72       4.79e+23     0.8206     1.5215     1.5339
    5000   3523822.81       7.58e+26     4.4026     1.6001     1.4192
    6000   2085100.64       1.04e+26     3.9082     1.5646     1.4764
    7000  19619122.84       3.11e+25     1.8352     1.5335     1.4375
    8000  18508901.95       1.00e+26     1.6271     1.5708     1.4847
    9000 718404588.98       6.81e+26     1.7163     1.5394     1.4930
   10000 453636692.14       4.25e+22     1.4057     1.6518     1.2647
   15000      1222.07       3.52e+14     1.6134     1.5384     1.3778
   20000      6649.75       1.30e+19     1.5760     1.2894     1.6060
   30000      5228.17       6.47e+15     1.1741     1.5528     1.4931
   40000      2175.22       1.36e+19     2.7632     1.3372     1.6094

Estimated phase transition (max |d(trace)/dN|): N ~ 8500


--- 22q (1D_Snake) :: 22q_readout_raw_data.txt ---
       N    Fisher_Tr     Fisher_Det    KL_prev    Entropy  Frob_Unif
----------------------------------------------------------------------
     500    147177.85       2.05e+23     0.0000     1.4325     1.6000
    1000     64927.13       1.08e+20     0.2958     1.7012     1.2848
    2000  23527499.52       1.39e+28     0.8749     1.5768     1.3523
    3000    935381.80       6.85e+25     0.2908     1.6207     1.4265
    4000    301094.52       2.77e+27     1.2008     1.8920     1.2375
    5000   9503871.93       6.58e+30     2.4777     1.6506     1.3720
    6000  31638329.88       7.00e+32     3.1692     1.8011     1.2516
    7000  13941285.19       6.32e+27     1.9422     1.6721     1.3000
    8000  19550269.93       9.46e+23     1.4277     1.6424     1.3603
    9000     14769.02       1.72e+18     0.1156     1.7029     1.2838
   10000     21839.21       1.24e+19     0.3702     1.7107     1.1846
   15000 9846974730.57       8.00e+26     3.7428     1.5280     1.2821
   20000     45087.09       3.45e+24     2.5399     1.4353     1.4294
   30000      1996.06       1.96e+17     1.2571     1.3294     1.7105
   40000      3386.92       2.84e+16     2.4478     1.3965     1.3749

Estimated phase transition (max |d(trace)/dN|): N ~ 12500


--- 24q (2D_Block) :: 24q_readout_raw_data.txt ---
       N    Fisher_Tr     Fisher_Det    KL_prev    Entropy  Frob_Unif
----------------------------------------------------------------------
     500    230005.95       4.08e+23     0.0000     1.4784     1.5608
    1000    114965.33       1.66e+20     0.1934     1.6672     1.2311
    2000    152408.99       2.33e+19     0.1357     1.7986     1.0691
    3000    699435.62       8.13e+18     0.3948     1.7055     1.1519
    4000    221990.16       5.67e+19     0.9209     1.7452     1.3230
    5000   3517456.61       1.62e+26     1.5942     1.6828     1.4177
    6000   2616553.81       6.44e+18     0.8489     1.7790     1.0847
    7000 30275961355.17       1.25e+64     2.7024     1.4660     1.4963
    8000  11336249.40       1.11e+21     2.6742     1.5980     1.4287
    9000     62848.71       1.82e+21     0.7678     1.4256     1.4950
   10000      8746.48       7.55e+21     1.2192     1.3668     1.5650
   15000 3602416533.37       2.70e+27     4.0066     1.6924     1.2918
   20000   1545389.26       7.64e+26     2.4149     1.0850     1.8358
   30000      3310.71       1.20e+18     1.2790     1.5435     1.2213
   40000      1196.74       9.93e+17     0.9966     1.3884     1.4902

Estimated phase transition (max |d(trace)/dN|): N ~ 6500


--- 26q (Bulk_Full) :: 26q_readout_raw_data.txt ---
       N    Fisher_Tr     Fisher_Det    KL_prev    Entropy  Frob_Unif
----------------------------------------------------------------------
     500     75981.17       4.01e+18     0.0000     1.7091     1.1098
    1000     37286.90       2.15e+18     2.4008     1.7555     1.1062
    2000    308602.46       4.80e+20     0.1351     1.7058     1.2181
    3000    363983.51       4.96e+20     0.0573     1.7176     1.2101
    4000    362738.82       6.07e+25     1.1070     1.7629     1.2386
    5000   6669515.60       1.04e+25     1.0645     1.5984     1.4111
    6000   9513158.58       6.03e+24     4.3499     1.6355     1.3340
    7000     17799.08       5.65e+16     0.5498     1.8277     1.0438
    8000     67409.11       5.27e+23     1.8608     1.5970     1.4335
    9000     18911.05       2.54e+19     0.8091     1.6396     1.3735
   10000     21244.27       1.16e+21     0.5238     1.5214     1.4686
   15000      7016.87       3.96e+17     1.4626     1.7235     1.2673
   20000     10786.62       1.81e+19     1.7670     1.6267     1.2296
   30000      1650.74       1.31e+18     1.2050     1.5076     1.2946
   40000     32354.67       1.34e+22     1.6256     1.1536     1.7928

Estimated phase transition (max |d(trace)/dN|): N ~ 6500


--- 28q (1D_Snake) :: 28q_readout_raw_data.txt ---
       N    Fisher_Tr     Fisher_Det    KL_prev    Entropy  Frob_Unif
----------------------------------------------------------------------
     500     38715.89       6.82e+22     0.0000     1.3858     1.5449
    1000     45759.85       7.91e+17     0.4016     1.7952     1.0566
    2000    268835.03       5.29e+20     0.1504     1.6774     1.2610
    3000    697673.51       3.03e+21     0.1088     1.7641     1.1254
    4000    220978.28       3.78e+24     1.4507     1.6532     1.3769
    5000   1912884.34       2.49e+26     0.7325     1.4636     1.6320
    6000   5228949.09       4.54e+25     1.1151     1.6495     1.3072
    7000 300569738.81       5.30e+23     1.1051     1.4201     1.4858
    8000     68911.06       7.35e+22     2.1723     1.5017     1.5583
    9000 1413958174.49       1.45e+26     1.2816     1.4867     1.6184
   10000     10862.09       2.34e+17     1.1434     1.6392     1.2772
   15000      6866.37       4.26e+15     1.2814     1.6877     1.4086
   20000      5426.79       1.14e+17     1.2036     1.5531     1.3821
   30000       586.29       1.10e+14     1.0745     1.6314     1.2680
   40000      5695.76       2.10e+20     1.3736     1.3248     1.5246

Estimated phase transition (max |d(trace)/dN|): N ~ 9500


--- 30q (2D_Block) :: 30q_readout_raw_data.txt ---
       N    Fisher_Tr     Fisher_Det    KL_prev    Entropy  Frob_Unif
----------------------------------------------------------------------
     500     16997.62       3.36e+17     0.0000     1.5510     1.3525
    1000     27016.31       3.25e+16     0.6550     1.6506     1.1506
    2000     34072.56       1.63e+13     0.3070     1.8534     0.8786
    3000    200822.54       9.94e+13     0.1806     1.8913     0.8262
    4000      3675.51       1.61e+17     0.8862     1.7534     1.3032
    5000     20691.88       7.47e+17     0.3990     1.8128     1.0953
    6000   1885967.00       1.95e+20     0.4191     1.6988     1.1732
    7000      9141.94       6.91e+17     1.9836     1.7712     1.1199
    8000    172080.02       1.41e+23     1.7284     1.5790     1.4308
    9000      9635.39       5.32e+18     0.3683     1.7456     1.1745
   10000     35110.07       8.99e+20     0.7663     1.5686     1.2693
   15000 940626689.85       1.49e+36     4.1240     1.3717     1.5133
   20000      2787.13       8.36e+17     1.7023     1.5505     1.3641
   30000       534.22       7.39e+12     0.7407     1.7803     1.0231
   40000     71979.35       1.18e+24     0.9844     1.3929     1.4690

Estimated phase transition (max |d(trace)/dN|): N ~ 17500


--- 32q (1D_Snake) :: 32q_readout_raw_data.txt ---
       N    Fisher_Tr     Fisher_Det    KL_prev    Entropy  Frob_Unif
----------------------------------------------------------------------
     500     86889.41       3.71e+21     0.0000     1.5037     1.4399
    1000     43170.69       1.21e+18     0.3480     1.6500     1.1934
    2000     99718.15       1.50e+14     0.9546     1.8263     0.9457
    3000    521048.61       1.17e+18     3.1509     1.7464     1.1120
    4000     88854.72       6.09e+23     1.1769     1.7154     1.3086
    5000   1769268.42       6.61e+22     0.5499     1.6909     1.2832
    6000   4071725.76       5.64e+22     0.7490     1.6964     1.3053
    7000     28736.52       1.15e+19     0.5083     1.5227     1.4742
    8000      7439.23       3.85e+16     1.2950     1.7070     1.2391
    9000     36568.51       5.67e+17     0.4875     1.7319     1.1652
   10000     20586.75       4.41e+19     0.9591     1.5572     1.3545
   15000      2044.41       2.41e+14     1.0089     1.8260     1.1186
   20000      2838.71       1.31e+19     1.6335     1.4166     1.5026
   30000    100035.21       2.83e+23     2.7737     1.2029     1.7282
   40000     14159.02       3.17e+23     2.6744     1.2966     1.5254

Estimated phase transition (max |d(trace)/dN|): N ~ 6500


--- 34q (2D_Block) :: 34q_readout_raw_data.txt ---
       N    Fisher_Tr     Fisher_Det    KL_prev    Entropy  Frob_Unif
----------------------------------------------------------------------
     500     23734.94       3.12e+21     0.0000     1.6123     1.2378
    1000     73854.68       8.97e+18     0.9582     1.5690     1.3122
    2000    106739.57       3.72e+16     0.4753     1.8230     0.9680
    3000    362557.93       1.84e+17     0.0809     1.8201     0.9975
    4000    401656.05       1.04e+22     1.5541     1.7188     1.2852
    5000      6730.34       2.74e+16     0.5961     1.7421     1.1365
    6000      4780.53       1.34e+15     0.7522     1.7742     1.1430
    7000      4372.88       1.08e+16     0.8266     1.7876     1.0238
    8000     15267.63       4.18e+19     1.2915     1.7981     1.1953
    9000     20548.02       4.91e+19     0.3162     1.7261     1.1868
   10000     21530.16       4.20e+16     0.0993     1.8403     1.1102
   15000 976281241.17       3.04e+17     1.2200     1.9793     0.9389
   20000      4649.62       2.34e+19     1.5178     1.4815     1.4452
   30000      2698.54       1.54e+16     0.6878     1.5407     1.3502
   40000      6574.39       4.51e+21     1.6282     1.3477     1.4148

Estimated phase transition (max |d(trace)/dN|): N ~ 17500


--- 36q (Bulk_Full) :: 36q_readout_raw_data.txt ---
       N    Fisher_Tr     Fisher_Det    KL_prev    Entropy  Frob_Unif
----------------------------------------------------------------------
     500     27886.75       4.64e+18     0.0000     1.4697     1.4040
    1000     70077.06       7.39e+17     0.3660     1.7111     1.0372
    2000     36426.14       1.27e+13     0.3247     1.8525     0.9273
    3000    213335.65       3.53e+13     0.0823     1.9115     0.8264
    4000     34137.67       5.26e+20     1.1954     1.7568     1.2672
    5000   4952763.96       3.83e+27     1.2175     1.6709     1.3687
    6000     51629.47       3.78e+19     0.5281     1.6329     1.1834
    7000     10407.28       1.40e+18     1.3406     1.4904     1.4990
    8000  71969837.34       4.42e+22     4.8749     1.7333     1.2874
    9000     27537.64       2.04e+20     0.4710     1.5532     1.3516
   10000      8324.14       4.98e+19     0.6349     1.8019     1.0575
   15000      9860.35       4.68e+17     0.8659     1.6029     1.3136
   20000     12320.11       9.98e+21     2.5221     1.4284     1.4241
   30000     14043.43       1.88e+18     1.3573     1.4970     1.2801
   40000      5014.33       3.41e+20     0.7916     1.3884     1.4422

Estimated phase transition (max |d(trace)/dN|): N ~ 7500


--- 38q (Bulk_Full) :: 38q_readout_raw_data.txt ---
       N    Fisher_Tr     Fisher_Det    KL_prev    Entropy  Frob_Unif
----------------------------------------------------------------------
     500    285720.11       1.61e+25     0.0000     1.4235     1.5332
    1000     87078.78       1.52e+19     0.5221     1.6764     1.2813
    2000    143871.09       2.02e+19     0.1091     1.8019     1.0423
    3000    345613.78       2.28e+20     0.0378     1.7831     1.0995
    4000    121716.88       1.44e+24     1.0153     1.6160     1.3836
    5000   1554580.23       1.70e+23     0.8372     1.7637     1.1665
    6000   3347977.78       4.39e+18     0.3268     1.8314     0.9810
    7000  30015549.98       3.50e+22     0.5749     1.7693     1.1209
    8000     10558.91       7.47e+18     1.3292     1.7506     1.3125
    9000     12672.45       8.49e+17     0.3841     1.7275     1.1763
   10000      7925.26       3.23e+17     0.8055     1.5631     1.3709
   15000 8140559453.12       1.24e+22     2.4157     1.7617     1.1444
   20000     31909.85       4.73e+18     1.1855     1.5639     1.2782
   30000       334.12       2.12e+12     1.0815     1.7394     1.0576
   40000  21893536.83       7.95e+37     3.8702     1.0968     1.7681

Estimated phase transition (max |d(trace)/dN|): N ~ 12500


--- 39q (2D_Block) :: 39q_readout_raw_data.txt ---
       N    Fisher_Tr     Fisher_Det    KL_prev    Entropy  Frob_Unif
----------------------------------------------------------------------
     500     16387.69       1.02e+17     0.0000     1.7162     1.1302
    1000     85336.91       1.94e+17     0.1701     1.7674     1.0707
    2000    151580.74       2.43e+16     0.1450     1.8554     0.9380
    3000    331039.88       1.06e+17     0.0600     1.8675     0.9213
    4000    156428.58       5.88e+22     1.0220     1.8676     1.1612
    5000     19741.52       2.69e+19     0.3333     1.8170     1.0611
    6000   3935702.36       9.50e+20     0.5121     1.8312     1.0469
    7000     15579.18       1.06e+25     1.0232     1.4539     1.3622
    8000      8466.66       4.58e+15     1.4880     1.7206     1.1918
    9000      2016.84       8.32e+13     0.2474     1.7838     1.1097
   10000      9650.96       9.60e+16     0.7395     1.6461     1.2016
   15000       217.83       6.40e+10     0.7492     1.9612     0.8971
   20000     70123.34       1.25e+30     1.3649     1.5695     1.2912
   30000      1735.01       4.68e+15     1.6212     1.5583     1.3370
   40000      6097.74       4.82e+19     2.5269     1.3173     1.4513

Estimated phase transition (max |d(trace)/dN|): N ~ 6500


--- 40q (2D_Block) :: 40q_readout_raw_data.txt ---
       N    Fisher_Tr     Fisher_Det    KL_prev    Entropy  Frob_Unif
----------------------------------------------------------------------
     500      5976.44       1.16e+16     0.0000     1.8122     0.9429
    1000     11809.97       6.64e+13     0.5670     1.8033     0.9705
    2000     37195.83       6.87e+12     0.2216     1.9228     0.8110
    3000     97106.01       1.55e+13     0.1050     1.8906     0.8779
    4000    303361.24       1.27e+25     2.3886     1.6708     1.2713
    5000     28748.42       3.25e+19     0.3872     1.6888     1.1719
    6000      5464.51       5.77e+15     0.6438     1.6557     1.1862
    7000     49614.23       8.24e+20     0.6999     1.6290     1.2280
    8000      4471.59       3.15e+17     1.2853     1.6789     1.2931
    9000     25312.34       1.35e+20     0.1955     1.6566     1.2974
   10000     18676.27       3.21e+18     0.4108     1.7030     1.1871
   15000       439.34       1.55e+13     1.0770     1.8474     1.2053
   20000   8493365.70       9.82e+23     1.8705     1.3333     1.5877
   30000     39110.33       1.34e+19     1.5435     1.0697     1.9010
   40000      7736.42       3.10e+17     1.8457     1.5486     1.1812

Estimated phase transition (max |d(trace)/dN|): N ~ 17500


--- 41q (2D_Block) :: 41q_readout_raw_data.txt ---
       N    Fisher_Tr     Fisher_Det    KL_prev    Entropy  Frob_Unif
----------------------------------------------------------------------
     500    505835.02       5.31e+21     0.0000     1.6046     1.2801
    1000     71356.86       5.43e+17     0.6365     1.7291     1.0571
    2000     48129.73       2.41e+13     0.3519     1.8239     0.9493
    3000    129505.03       1.95e+14     0.1708     1.8240     0.9167
    4000     19158.11       7.68e+18     0.9257     1.7959     1.2083
    5000     33794.07       1.61e+17     0.3066     1.8978     0.9260
    6000      9336.26       1.64e+15     0.2815     1.7140     1.1344
    7000      3292.29       2.10e+14     0.5892     1.9089     0.8833
    8000     27443.20       4.16e+18     1.0340     1.7450     1.2997
    9000     12056.21       7.58e+18     0.3455     1.7135     1.2048
   10000     31881.68       5.14e+25     1.0153     1.5926     1.2664
   15000       747.87       2.27e+14     1.4802     1.6744     1.2013
   20000      4871.34       2.31e+15     1.4294     1.7142     1.1015
   30000      6914.99       4.41e+18     2.1176     1.3864     1.5619
   40000    136175.33       2.94e+30     1.1505     1.1514     1.7298

Estimated phase transition (max |d(trace)/dN|): N ~ 750


--- 42q (2D_Block) :: 42q_readout_raw_data.txt ---
       N    Fisher_Tr     Fisher_Det    KL_prev    Entropy  Frob_Unif
----------------------------------------------------------------------
     500      5241.58       2.31e+18     0.0000     1.5442     1.2670
    1000      9235.75       7.32e+13     0.7256     1.8437     0.8981
    2000     37373.61       2.46e+12     0.1575     1.9831     0.7110
    3000     84346.58       5.03e+12     0.0919     2.0080     0.6514
    4000      7739.16       3.25e+18     1.1296     1.7159     1.3486
    5000     29935.62       1.59e+19     0.6036     1.7150     1.1482
    6000     10155.22       2.38e+15     0.2790     1.8420     0.8942
    7000      9604.33       2.84e+16     0.9590     1.4581     1.3698
    8000     23382.94       1.51e+20     2.0318     1.4481     1.5219
    9000      8207.16       4.41e+17     0.6067     1.6791     1.1701
   10000     50764.66       2.91e+19     0.3534     1.6648     1.1769
   15000       707.27       2.77e+13     1.3296     1.8155     1.1584
   20000     15035.84       1.29e+21     2.9855     1.1644     1.5757
   30000       930.79       4.90e+15     1.3176     1.7654     1.2357
   40000      5975.76       4.73e+20     1.9380     1.0870     1.8812

Estimated phase transition (max |d(trace)/dN|): N ~ 3500


--- 43q (2D_Block) :: 43q_readout_raw_data.txt ---
       N    Fisher_Tr     Fisher_Det    KL_prev    Entropy  Frob_Unif
----------------------------------------------------------------------
     500      9189.30       1.36e+15     0.0000     1.8297     0.9028
    1000     18392.22       1.53e+13     0.2734     1.8851     0.8495
    2000     39992.44       6.34e+12     0.2125     1.9546     0.7358
    3000     65900.67       4.66e+12     0.0972     1.9939     0.6700
    4000    123662.90       1.24e+22     1.6766     1.7995     1.2022
    5000     24110.39       9.48e+18     0.4861     1.7060     1.2384
    6000     17176.79       8.38e+16     0.3379     1.7938     1.0268
    7000     84724.45       5.24e+26     1.3596     1.5071     1.3667
    8000     25769.02       1.21e+22     2.3964     1.6170     1.3688
    9000     14746.90       2.42e+22     0.5585     1.7396     1.1524
   10000     12336.27       2.71e+20     0.0928     1.7544     1.1548
   15000 4521866685.70       2.00e+20     1.5807     1.8146     1.0055
   20000     42999.88       4.95e+17     1.2796     1.6150     1.3142
   30000      4793.73       1.96e+19     2.1842     1.4816     1.3495
   40000      2349.44       2.61e+19     1.4344     1.4576     1.4116

Estimated phase transition (max |d(trace)/dN|): N ~ 12500


--- 44q (2D_Block) :: 44q_readout_raw_data.txt ---
       N    Fisher_Tr     Fisher_Det    KL_prev    Entropy  Frob_Unif
----------------------------------------------------------------------
     500      9700.72       1.24e+17     0.0000     1.8172     0.9234
    1000     21720.64       7.26e+14     0.4324     1.9438     0.7487
    2000    586106.10       4.58e+17     1.6862     1.8470     0.9613
    3000    374242.39       9.65e+16     0.0606     1.8836     0.9020
    4000     41362.02       1.49e+17     0.7536     1.8724     1.1971
    5000    142996.90       1.18e+24     1.2045     1.6057     1.3950
    6000   4882721.76       6.47e+23     0.9143     1.7040     1.1967
    7000     16247.70       6.39e+16     0.4527     1.7747     1.0535
    8000      8660.93       6.94e+17     0.8990     1.8039     1.1949
    9000     44306.09       2.00e+21     0.3172     1.6916     1.2297
   10000     94256.40       3.21e+32     1.1593     1.6587     1.1670
   15000  32099761.00       1.54e+27     1.3972     1.6015     1.3694
   20000    186428.35       2.21e+23     3.2599     1.1933     1.6995
   30000       955.94       2.97e+16     1.8532     1.3783     1.4630
   40000      3782.99       1.76e+18     1.4200     1.3359     1.4948

Estimated phase transition (max |d(trace)/dN|): N ~ 12500


--- 45q (2D_Block) :: 45q_readout_raw_data.txt ---
       N    Fisher_Tr     Fisher_Det    KL_prev    Entropy  Frob_Unif
----------------------------------------------------------------------
     500     23380.50       2.58e+20     0.0000     1.6037     1.1524
    1000     15375.28       2.89e+13     0.4168     1.8161     0.9269
    2000     31596.65       7.49e+12     0.1841     1.9417     0.7574
    3000    163879.42       2.38e+13     0.1206     1.8901     0.8625
    4000     31361.49       4.71e+16     0.8779     1.7525     1.2008
    5000      3475.05       1.92e+14     0.3191     1.8469     1.0068
    6000      5613.00       1.04e+15     0.1226     1.8456     0.9838
    7000     11419.44       7.37e+14     0.5124     1.8268     0.9766
    8000      5630.01       7.67e+18     1.4155     1.8525     1.1099
    9000      7399.88       9.81e+17     0.2397     1.7690     1.1387
   10000    122462.40       3.11e+27     0.9423     1.5446     1.3084
   15000 2979560724.12       1.54e+55     4.1481     1.7637     1.3216
   20000      8742.56       9.07e+19     2.1306     1.5089     1.4326
   30000      1695.04       1.03e+15     1.6039     1.4123     1.4253
   40000    222393.68       5.58e+23     1.7001     1.4021     1.4755

Estimated phase transition (max |d(trace)/dN|): N ~ 17500


--- 46q (Bulk_Full) :: 46q_readout_raw_data.txt ---
       N    Fisher_Tr     Fisher_Det    KL_prev    Entropy  Frob_Unif
----------------------------------------------------------------------
     500    340795.83       1.34e+23     0.0000     1.6453     1.2484
    1000     13308.30       5.70e+13     0.6175     1.8303     0.9332
    2000     39130.27       1.45e+13     0.2423     1.8874     0.8640
    3000    104136.23       6.43e+12     0.1014     1.9909     0.6800
    4000      2974.81       6.34e+16     0.8639     1.7044     1.3952
    5000     11854.80       1.74e+18     0.4205     1.6995     1.2789
    6000      7056.62       3.25e+15     0.3296     1.8234     0.9957
    7000     15701.30       3.74e+19     0.8373     1.6817     1.2178
    8000      7969.59       1.10e+18     1.3089     1.7508     1.2644
    9000     24045.56       4.93e+19     0.4512     1.7448     1.1643
   10000      6229.18       7.21e+20     0.5457     1.7137     1.1901
   15000      6370.50       1.54e+17     1.3961     1.5010     1.3094
   20000     14405.57       4.94e+23     2.2209     1.4450     1.4687
   30000     11491.97       2.57e+24     1.5853     1.3538     1.5438
   40000    732488.80       1.14e+29     2.4529     0.8627     2.0987

Estimated phase transition (max |d(trace)/dN|): N ~ 750


--- 47q (1D_Snake) :: 47q_readout_raw_data.txt ---
       N    Fisher_Tr     Fisher_Det    KL_prev    Entropy  Frob_Unif
----------------------------------------------------------------------
     500     40083.14       1.85e+17     0.0000     1.4807     1.4307
    1000     14798.75       5.55e+15     0.2849     1.6746     1.1487
    2000     31274.77       1.89e+14     0.3269     1.8086     0.9149
    3000    132040.15       3.05e+13     0.2765     1.8686     0.8959
    4000    256372.91       3.01e+21     1.3109     1.7272     1.3460
    5000     21134.66       3.73e+17     0.2112     1.8209     1.1146
    6000     18352.92       8.78e+16     0.4844     1.7030     1.1385
    7000    650702.17       2.02e+31     1.3038     1.6845     1.1680
    8000      7737.31       1.56e+18     1.2815     1.7599     1.1940
    9000     21218.16       1.46e+19     0.4978     1.5412     1.3926
   10000      8070.05       5.89e+16     0.5818     1.7504     1.1251
   15000 370625936.79       1.35e+19     4.3184     1.8113     1.0957
   20000    117648.64       1.08e+21     1.6435     1.3285     1.4759
   30000      1473.81       8.61e+15     1.3308     1.3546     1.4815
   40000    178191.08       5.25e+25     2.3230     1.2131     1.6567

Estimated phase transition (max |d(trace)/dN|): N ~ 12500


--- 48q (Bulk_Full) :: 48q_readout_raw_data.txt ---
       N    Fisher_Tr     Fisher_Det    KL_prev    Entropy  Frob_Unif
----------------------------------------------------------------------
     500      2058.46       4.26e+16     0.0000     1.7078     1.0244
    1000     18319.87       1.21e+14     1.0593     1.8571     0.8655
    2000     21923.11       1.98e+12     0.3042     1.9798     0.6955
    3000    110296.53       5.04e+12     0.1377     2.0143     0.6451
    4000      1192.03       6.96e+14     0.7456     1.6564     1.4170
    5000      5637.55       9.64e+15     0.7035     1.7822     1.0380
    6000      5339.99       3.14e+14     0.1215     1.9237     0.8805
    7000      7401.41       7.24e+15     0.2526     1.8717     0.8950
    8000      3689.16       4.94e+16     1.0196     1.8117     1.2103
    9000     16711.56       5.24e+18     0.3226     1.7352     1.1875
   10000     10217.88       1.58e+18     0.3618     1.7521     1.1553
   15000      7326.45       5.19e+15     0.5937     1.8309     1.1051
   20000     65017.36       1.59e+21     1.2878     1.6235     1.2722
   30000      1225.17       5.08e+16     1.1030     1.6381     1.2089
   40000      2992.69       1.14e+20     1.1877     1.3626     1.5404

Estimated phase transition (max |d(trace)/dN|): N ~ 3500


--- 49q (1D_Snake) :: 49q_readout_raw_data.txt ---
       N    Fisher_Tr     Fisher_Det    KL_prev    Entropy  Frob_Unif
----------------------------------------------------------------------
     500       843.47       1.53e+16     0.0000     1.7328     1.0057
    1000       498.68       2.75e+12     0.8353     1.9269     0.7298
    2000       116.82       3.62e+09     0.2860     2.0514     0.5442
    3000       117.59       2.87e+09     0.1122     2.0806     0.4745
    4000     26416.39       8.07e+22     1.1431     1.7864     1.3031
    5000     56464.96       3.86e+21     0.3076     1.8362     1.0995
    6000     30539.90       1.62e+19     0.2893     1.8351     1.0357
    7000     20318.14       5.09e+18     0.6044     1.6796     1.1428
    8000      2819.60       2.92e+15     1.3193     1.8733     1.1143
    9000     21374.40       1.35e+19     0.6826     1.6240     1.2390
   10000     33985.84       3.24e+18     0.5550     1.7115     1.2244
   15000 1323214433.80       5.14e+20     2.1526     1.6569     1.0829
   20000      2188.70       1.45e+17     1.5802     1.5602     1.4117
   30000   1534403.57       2.88e+32     0.9686     1.6462     1.1367
   40000      2232.51       5.88e+19     0.9482     1.4481     1.3525

Estimated phase transition (max |d(trace)/dN|): N ~ 17500


--- 50q (2D_Block) :: 50q_readout_raw_data.txt ---
       N    Fisher_Tr     Fisher_Det    KL_prev    Entropy  Frob_Unif
----------------------------------------------------------------------
     500      1491.60       1.19e+13     0.0000     1.8806     0.8455
    1000     14398.41       6.69e+12     0.3524     1.9489     0.7544
    2000       200.38       1.70e+10     0.2708     1.9790     0.6414
    3000       244.73       1.58e+10     0.1253     1.9958     0.6393
    4000     27891.12       9.73e+22     0.9313     1.7999     1.2745
    5000     71922.27       8.18e+21     0.2778     1.8430     1.0816
    6000     30867.59       8.01e+18     0.1715     1.8338     1.0545
    7000     36146.34       1.59e+22     1.5215     1.8641     0.9721
    8000      5943.97       5.62e+17     1.7649     1.7043     1.2375
    9000      5242.67       1.43e+17     0.3648     1.8247     1.0490
   10000     28298.78       3.11e+25     0.9890     1.6272     1.1984
   15000 897810686.89       7.46e+17     1.6952     1.9642     0.9538
   20000     17498.20       5.47e+23     1.1884     1.6122     1.3148
   30000      5736.89       2.63e+14     1.1914     1.5236     1.2626
   40000     42463.77       1.11e+25     1.5920     1.4127     1.3901

Estimated phase transition (max |d(trace)/dN|): N ~ 17500


--- 51q (Bulk_Full) :: 51q_readout_raw_data.txt ---
       N    Fisher_Tr     Fisher_Det    KL_prev    Entropy  Frob_Unif
----------------------------------------------------------------------
     500      1515.71       2.58e+15     0.0000     1.8225     0.9386
    1000       688.14       2.98e+13     0.6157     1.9035     0.7450
    2000       281.31       4.50e+10     0.3056     1.9698     0.6550
    3000       163.61       7.78e+09     0.2147     1.9836     0.6752
    4000     15865.20       1.72e+19     0.7797     1.8186     1.2173
    5000     15516.70       2.89e+18     0.3351     1.7801     1.1914
    6000     10406.04       3.75e+15     0.3132     1.9087     0.8956
    7000  32296976.21       5.41e+24     1.3883     1.7370     1.1618
    8000    271832.35       1.88e+25     2.1503     1.7574     1.2357
    9000     34775.37       2.64e+21     0.3519     1.7457     1.2452
   10000     30627.69       4.15e+23     0.4463     1.7275     1.1141
   15000 2949785943.87       2.00e+19     1.2033     1.9452     0.8911
   20000     76644.04       2.71e+29     2.4244     1.2223     1.5792
   30000  14222252.89       1.03e+23     2.6716     1.4623     1.3582
   40000      6984.08       6.71e+19     1.8217     1.3569     1.4798

Estimated phase transition (max |d(trace)/dN|): N ~ 12500


--- 53q (Bulk_Full) :: 53q_readout_raw_data.txt ---
       N    Fisher_Tr     Fisher_Det    KL_prev    Entropy  Frob_Unif
----------------------------------------------------------------------
     500      1080.27       3.06e+13     0.0000     1.7143     1.0707
    1000       563.12       2.56e+13     0.6345     1.7998     0.9572
    2000       243.43       4.25e+10     0.2781     1.9898     0.6181
    3000       119.67       4.29e+09     0.1605     2.0652     0.5179
    4000     54211.39       8.82e+22     1.0973     1.7419     1.2983
    5000      7720.85       6.68e+16     0.3353     1.8543     1.0467
    6000      5958.53       9.39e+14     0.1883     1.8361     1.0086
    7000      9746.81       7.98e+19     0.4983     1.7928     0.9987
    8000      2946.56       5.76e+16     1.1779     1.7767     1.1547
    9000      5474.34       1.40e+17     0.5592     1.5794     1.3049
   10000     32933.06       2.39e+19     0.8112     1.7192     1.2149
   15000 3670989714.01       2.04e+20     1.7562     1.7562     1.0847
   20000      6057.10       6.83e+17     2.0139     1.5265     1.3531
   30000      1565.77       2.40e+15     1.1423     1.5763     1.2531
   40000      2731.03       1.02e+17     0.9269     1.4917     1.2787

Estimated phase transition (max |d(trace)/dN|): N ~ 17500


=== SUMMARY: estimated N by topology ===
1D_Snake: n=7, mean=10928.6, std=3598.9, min=6500, max=17500
2D_Block: n=14, mean=11803.6, std=5943.8, min=750, max=17500
Bulk_Full: n=7, mean=8678.6, std=5814.3, min=750, max=17500

=== INTERPRETATION ===
If the Fisher trace shows a sharp change near N~8000 (the Grammar Fingerprinting
classification threshold), this suggests a geometric phase transition in the
information manifold — supporting the hypothesis that the threshold represents
a physical boundary where noise structure becomes geometrically organized.
