=== FISHER INFORMATION METRIC ANALYSIS ===

Files processed: 28
Input directory: C:\Users\csapl\.gemini\antigravity\scratch\QuantumCircuit\Grammar_Fingerprinting_Archive\Grammar_Fingerprinting_Code_and_Results_v1.0\QuantumCircuit_Grammar_Research_Archive\readout_raw_data


--- 12q (2D_Block) :: 12q_readout_raw_data.txt ---
       N    Fisher_Tr     Fisher_Det    KL_prev    Entropy  Frob_Unif
----------------------------------------------------------------------
     500     32321.82       6.13e+15     0.0000     1.3502     1.3820
    1000     55213.57       2.62e+16     0.0276     1.3517     1.3942
    2000    119863.03       6.10e+16     0.0459     1.4496     1.2548
    3000   3000181.21       1.73e+21     0.0380     1.3383     1.4272
    4000    282735.84       3.90e+18     0.7577     1.3512     1.4053
    5000   3132516.54       5.49e+21     1.5185     1.3147     1.4599
    6000   6471785.84       4.29e+19     0.6912     1.0885     1.6577
    7000  23736633.92       3.17e+19     2.5289     1.3622     1.2922
    8000  95011299.39       6.96e+20     0.9120     1.4595     1.2650
    9000       393.43       6.28e+09     0.5430     1.1518     1.5520
   10000 1484919491.31       6.33e+18     1.8784     1.0481     1.6153
   15000      1188.38       5.07e+09     1.4312     1.7350     0.9995
   20000     17269.11       2.53e+20     1.9432     1.2869     1.3547
   30000     13292.50       8.40e+15     1.3446     1.1790     1.3181
   40000       713.59       1.44e+12     1.7110     1.3742     1.2042

Estimated phase transition (max |d(trace)/dN|): N ~ 9500


--- 14q (1D_Snake) :: 14q_readout_raw_data.txt ---
       N    Fisher_Tr     Fisher_Det    KL_prev    Entropy  Frob_Unif
----------------------------------------------------------------------
     500     57344.26       1.99e+18     0.0000     1.4781     1.2915
    1000     53263.60       3.74e+18     0.0397     1.3753     1.4703
    2000    794955.31       2.24e+23     0.0066     1.3662     1.4786
    3000    471426.61       1.47e+22     0.0104     1.4365     1.3677
    4000    580348.89       5.01e+18     1.5864     1.4305     1.3727
    5000   2044903.74       2.00e+22     3.0963     1.4345     1.3531
    6000  33024675.87       2.60e+27     3.0909     1.5714     1.2617
    7000 122441832.90       3.02e+24     2.9007     1.0196     1.7097
    8000  60595522.87       1.05e+23     2.0496     1.2523     1.4317
    9000 307524555.04       2.08e+20     1.0680     0.9758     1.6680
   10000 5414412225.85       3.30e+30    11.0859     1.0803     1.5411
   15000      3283.70       8.06e+10     1.5774     1.5646     1.0578
   20000       881.87       8.60e+12     0.8251     1.0566     1.5237
   30000     18197.95       2.63e+15     0.4633     1.0933     1.5512
   40000       482.73       2.23e+10     2.2558     1.1022     1.5354

Estimated phase transition (max |d(trace)/dN|): N ~ 9500


--- 16q (2D_Block) :: 16q_readout_raw_data.txt ---
       N    Fisher_Tr     Fisher_Det    KL_prev    Entropy  Frob_Unif
----------------------------------------------------------------------
     500     64275.21       1.03e+19     0.0000     1.4099     1.3959
    1000     53437.50       2.61e+17     0.5095     1.2895     1.4465
    2000    327725.91       2.90e+18     0.0254     1.3748     1.3424
    3000    546617.89       1.70e+19     0.0233     1.3023     1.4684
    4000    279522.64       1.72e+18     1.0436     1.4427     1.3475
    5000   3368724.31       4.54e+21     3.0406     1.5050     1.2184
    6000  33608914.46       7.42e+21     4.2601     1.3022     1.4405
    7000  11820684.86       3.22e+20     2.1605     1.3492     1.2632
    8000  50216290.24       4.04e+22     0.9205     1.3735     1.3280
    9000  23639998.48       7.81e+16     0.6368     1.3010     1.3616
   10000      1589.55       2.70e+12     0.7487     1.2141     1.3901
   15000      1359.45       6.68e+11     2.0240     1.1149     1.5537
   20000      6015.88       2.76e+14     1.3217     1.2275     1.3246
   30000      1337.32       1.75e+10     0.9047     1.4264     1.0459
   40000      1633.93       5.82e+14     1.4116     1.2053     1.3634

Estimated phase transition (max |d(trace)/dN|): N ~ 7500


--- 18q (1D_Snake) :: 18q_readout_raw_data.txt ---
       N    Fisher_Tr     Fisher_Det    KL_prev    Entropy  Frob_Unif
----------------------------------------------------------------------
     500     32768.95       1.15e+16     0.0000     1.3403     1.3791
    1000     41424.00       6.97e+15     0.1069     1.4013     1.3000
    2000    324125.64       4.01e+19     0.2275     1.1802     1.5925
    3000   1546842.12       6.47e+20     0.0837     1.3344     1.3917
    4000    916427.81       5.51e+19     1.2208     1.4686     1.2890
    5000    574364.96       1.91e+14     0.5027     1.4374     1.3014
    6000   4313538.11       2.69e+19     1.1292     1.4402     1.2362
    7000     19987.02       6.22e+11     0.2861     1.4030     1.2934
    8000   9290127.55       9.27e+13     1.1452     1.4439     1.2119
    9000   6849138.71       5.77e+13     0.4385     1.3101     1.2826
   10000 208546976.15       2.64e+17     0.5083     1.2346     1.3024
   15000 801545269.21       5.93e+35     3.9004     1.3014     1.3308
   20000      6343.68       2.53e+15     2.5650     1.1088     1.4782
   30000       502.69       3.28e+10     0.6296     1.4623     1.0863
   40000      4306.90       4.73e+14     1.0044     1.3266     1.3089

Estimated phase transition (max |d(trace)/dN|): N ~ 9500


--- 20q (2D_Block) :: 20q_readout_raw_data.txt ---
       N    Fisher_Tr     Fisher_Det    KL_prev    Entropy  Frob_Unif
----------------------------------------------------------------------
     500     17140.61       3.06e+14     0.0000     1.4137     1.3065
    1000     71208.56       2.77e+16     0.0726     1.3347     1.4310
    2000    685925.06       1.35e+19     0.0200     1.4154     1.2997
    3000   1597103.08       1.61e+20     0.0228     1.4228     1.2952
    4000    237907.43       3.45e+16     0.8161     1.4764     1.1832
    5000   9768698.05       1.39e+17     1.4011     1.2274     1.4450
    6000  28386311.53       2.27e+21     5.9645     1.4150     1.3000
    7000     72198.92       5.31e+15     1.4006     1.3391     1.2467
    8000 191401609.60       5.42e+23     1.9175     1.1782     1.4677
    9000 352376089.92       3.45e+18     1.0281     1.2310     1.4661
   10000 148437779.28       1.19e+21     0.6999     1.3790     1.1999
   15000       153.46       5.31e+07     1.0842     1.5259     0.9839
   20000       362.56       6.51e+10     1.4564     1.2428     1.3846
   30000       413.75       2.24e+11     1.3431     1.2188     1.3378
   40000       970.81       6.22e+12     0.8422     1.2641     1.2052

Estimated phase transition (max |d(trace)/dN|): N ~ 9500


--- 22q (1D_Snake) :: 22q_readout_raw_data.txt ---
       N    Fisher_Tr     Fisher_Det    KL_prev    Entropy  Frob_Unif
----------------------------------------------------------------------
     500     66383.10       2.03e+16     0.0000     1.2201     1.4235
    1000     27300.71       1.22e+13     0.2339     1.4230     1.1960
    2000    142597.32       2.89e+14     0.0968     1.4272     1.2035
    3000    180647.50       3.61e+14     0.0607     1.4392     1.1674
    4000     83254.27       2.07e+16     0.9582     1.5125     1.2266
    5000    706629.79       2.39e+16     0.8651     1.3846     1.2624
    6000  13130613.43       4.58e+20     3.7599     1.5569     1.1399
    7000      4635.81       1.43e+12     1.1805     1.4396     1.1785
    8000      1107.05       2.56e+10     0.9333     1.5158     1.2043
    9000      3960.03       5.97e+11     0.1503     1.4564     1.2408
   10000      2420.85       1.82e+12     0.4109     1.4451     1.1675
   15000     24772.01       9.36e+12     2.6026     1.1262     1.4970
   20000    472307.21       3.76e+21     3.7263     1.1798     1.3257
   30000      1538.49       9.63e+13     0.6526     1.1340     1.4341
   40000       193.80       7.30e+08     1.2991     1.4961     1.0076

Estimated phase transition (max |d(trace)/dN|): N ~ 6500


--- 24q (2D_Block) :: 24q_readout_raw_data.txt ---
       N    Fisher_Tr     Fisher_Det    KL_prev    Entropy  Frob_Unif
----------------------------------------------------------------------
     500     89592.92       3.11e+16     0.0000     1.4166     1.3136
    1000  36460932.97       3.31e+23     2.4149     1.2814     1.3386
    2000     80668.98       6.76e+10     0.2714     1.6190     0.8569
    3000    177793.89       3.66e+10     0.0775     1.6892     0.7545
    4000    114067.78       1.23e+15     1.2284     1.5283     1.2402
    5000    979252.60       7.50e+16     0.5909     1.4031     1.3396
    6000   6544055.30       8.08e+16     0.9114     1.4291     1.2983
    7000      1637.62       2.21e+11     1.8371     1.4244     1.2326
    8000      1281.30       2.46e+12     1.3139     1.3843     1.3305
    9000    189732.16       2.38e+14     0.3600     1.3797     1.2458
   10000      9026.90       3.60e+13     1.2091     1.2352     1.2430
   15000      5224.10       8.39e+12     0.9510     1.5416     1.0576
   20000      1073.69       4.91e+13     0.9431     1.1868     1.3318
   30000       994.12       9.77e+13     1.5214     1.1884     1.3857
   40000       913.35       2.08e+14     0.9322     1.1401     1.5210

Estimated phase transition (max |d(trace)/dN|): N ~ 750


--- 26q (Bulk_Full) :: 26q_readout_raw_data.txt ---
       N    Fisher_Tr     Fisher_Det    KL_prev    Entropy  Frob_Unif
----------------------------------------------------------------------
     500     24728.69       8.98e+13     0.0000     1.4140     1.2036
    1000     99949.69       6.38e+13     0.1053     1.4470     1.2062
    2000    729741.76       1.17e+15     0.0948     1.5972     0.9366
    3000    587958.86       1.06e+15     0.0412     1.5485     1.0301
    4000    242307.23       6.09e+15     0.8827     1.5864     1.1656
    5000   1109261.79       4.14e+16     0.5535     1.5176     1.0981
    6000   6272011.80       3.13e+18     2.9084     1.5359     1.2098
    7000      3592.62       3.43e+10     0.4051     1.5997     0.9823
    8000      6682.56       1.62e+17     1.3122     1.4297     1.2563
    9000     15181.75       1.07e+14     0.4383     1.3893     1.2262
   10000    221533.69       2.78e+17     1.0165     1.2276     1.4270
   15000   1374806.92       2.06e+15     1.6084     1.1240     1.4580
   20000      4360.08       2.47e+13     1.2496     1.2481     1.3764
   30000      1606.92       8.90e+11     1.4433     1.3928     1.0810
   40000       945.31       1.13e+12     1.2817     1.1759     1.3789

Estimated phase transition (max |d(trace)/dN|): N ~ 6500


--- 28q (1D_Snake) :: 28q_readout_raw_data.txt ---
       N    Fisher_Tr     Fisher_Det    KL_prev    Entropy  Frob_Unif
----------------------------------------------------------------------
     500      1490.99       2.18e+10     0.0000     1.4517     1.1058
    1000    133243.41       1.41e+12     0.3150     1.4719     1.0361
    2000     72026.74       1.44e+13     0.3564     1.5518     1.0262
    3000    323912.70       1.79e+14     0.0432     1.5953     0.9647
    4000     97533.49       7.28e+18     0.9929     1.4433     1.2960
    5000    913964.70       7.06e+17     0.4722     1.3997     1.2498
    6000     13350.55       1.53e+13     0.7239     1.4457     1.1094
    7000      2229.18       5.32e+11     0.5831     1.4692     1.0995
    8000     42818.87       2.22e+14     1.0566     1.3015     1.3624
    9000      1846.00       1.08e+13     0.8182     1.1530     1.5532
   10000     17607.26       2.18e+15     1.1828     1.2418     1.2806
   15000 286849783.51       2.82e+23     2.2607     1.1866     1.4187
   20000      6652.84       2.48e+13     0.8900     1.2559     1.3121
   30000      1370.93       9.34e+10     1.0675     1.2903     1.2576
   40000       979.33       4.45e+12     1.8729     1.1337     1.4130

Estimated phase transition (max |d(trace)/dN|): N ~ 17500


--- 30q (2D_Block) :: 30q_readout_raw_data.txt ---
       N    Fisher_Tr     Fisher_Det    KL_prev    Entropy  Frob_Unif
----------------------------------------------------------------------
     500      7093.15       3.17e+12     0.0000     1.4373     1.1566
    1000      4882.88       2.18e+09     0.2666     1.6731     0.7800
    2000     35047.25       3.44e+09     0.1081     1.7602     0.6370
    3000       207.00       2.18e+07     0.1631     1.7328     0.6182
    4000      2468.06       6.04e+12     0.9587     1.4631     1.3680
    5000      2531.85       1.50e+11     0.3413     1.5823     1.0495
    6000      7979.21       2.90e+11     0.2209     1.5349     1.0588
    7000     18664.68       3.27e+14     1.6168     1.5145     1.0473
    8000      2826.42       2.03e+13     1.4240     1.4526     1.2053
    9000      2874.43       6.89e+11     0.3362     1.4732     1.1469
   10000      2365.14       2.09e+13     0.8850     1.3400     1.1787
   15000 1513890859.90       4.00e+30     1.3853     1.3533     1.2730
   20000      1872.86       7.52e+11     2.7200     1.1870     1.2718
   30000    993713.67       2.49e+16     1.3714     1.3212     1.1804
   40000      1801.74       1.48e+15     0.8533     1.2796     1.2206

Estimated phase transition (max |d(trace)/dN|): N ~ 17500


--- 32q (1D_Snake) :: 32q_readout_raw_data.txt ---
       N    Fisher_Tr     Fisher_Det    KL_prev    Entropy  Frob_Unif
----------------------------------------------------------------------
     500     13490.72       1.08e+13     0.0000     1.5167     0.9535
    1000      6344.48       3.87e+09     0.2740     1.5527     0.9799
    2000     25291.23       1.82e+10     0.1254     1.6081     0.8719
    3000     40858.93       8.75e+09     0.0672     1.6361     0.8514
    4000    185340.82       8.32e+16     0.7471     1.5526     1.2006
    5000     91533.73       2.96e+15     0.3097     1.5561     1.0880
    6000      1739.33       2.13e+10     0.2142     1.5140     1.1250
    7000     17976.32       2.02e+12     0.0878     1.5357     1.1152
    8000      4451.79       1.73e+11     0.8739     1.4829     1.1455
    9000      3699.56       6.46e+10     0.2826     1.3805     1.1493
   10000     62383.48       1.01e+23     1.6618     1.1755     1.3705
   15000   2716436.52       4.25e+22     1.7119     1.4956     1.2228
   20000      3586.30       7.66e+14     1.5331     1.0581     1.5484
   30000       809.53       2.03e+11     1.4622     1.3926     1.1558
   40000      1108.67       3.83e+13     1.0571     1.1524     1.4301

Estimated phase transition (max |d(trace)/dN|): N ~ 17500


--- 34q (2D_Block) :: 34q_readout_raw_data.txt ---
       N    Fisher_Tr     Fisher_Det    KL_prev    Entropy  Frob_Unif
----------------------------------------------------------------------
     500      2274.44       3.09e+11     0.0000     1.3497     1.1641
    1000      4038.42       7.95e+08     0.5184     1.6879     0.7731
    2000     22291.38       9.58e+09     0.1973     1.6859     0.7675
    3000    104756.89       1.18e+10     0.0723     1.7096     0.7491
    4000     77799.36       1.02e+16     1.3008     1.5982     1.0610
    5000    643539.10       1.32e+14     0.4500     1.5476     1.0074
    6000      1514.75       7.44e+09     0.3872     1.5832     0.9956
    7000     11413.34       2.78e+11     0.6756     1.4911     1.0759
    8000      3440.78       9.27e+12     1.1480     1.5282     1.2528
    9000     38964.80       7.18e+13     0.2775     1.5602     1.0710
   10000      1779.88       1.52e+11     0.1035     1.6489     1.0153
   15000        97.12       1.74e+07     0.3008     1.7407     0.9230
   20000      2110.15       3.30e+14     1.6343     1.0323     1.6453
   30000       757.49       2.53e+10     0.7163     1.3467     1.1354
   40000       734.96       2.14e+12     1.1030     1.2524     1.3047

Estimated phase transition (max |d(trace)/dN|): N ~ 5500


--- 36q (Bulk_Full) :: 36q_readout_raw_data.txt ---
       N    Fisher_Tr     Fisher_Det    KL_prev    Entropy  Frob_Unif
----------------------------------------------------------------------
     500     10160.30       3.51e+11     0.0000     1.6114     0.8291
    1000      8819.25       5.76e+10     1.0364     1.4326     1.0571
    2000       203.10       2.63e+07     0.3838     1.6401     0.7918
    3000       331.69       2.93e+07     0.1391     1.7622     0.5543
    4000     92503.13       5.86e+12     1.5597     1.5966     1.1556
    5000      7808.59       1.10e+14     0.7452     1.3885     1.2861
    6000     12002.95       1.98e+13     0.6527     1.5289     0.9854
    7000      5947.31       2.49e+12     0.9412     1.3340     1.2626
    8000      8557.58       9.12e+13     0.8598     1.5546     1.1913
    9000      4308.37       1.26e+16     1.0324     1.3572     1.1891
   10000      4199.16       2.57e+17     0.8703     1.4531     1.0476
   15000     10426.42       1.01e+13     1.1033     1.3979     1.1819
   20000      2187.94       1.35e+14     2.3358     1.2280     1.3479
   30000       916.17       1.43e+12     0.7914     1.3320     1.1649
   40000      1582.90       8.67e+13     0.7422     1.1624     1.3986

Estimated phase transition (max |d(trace)/dN|): N ~ 3500


--- 38q (Bulk_Full) :: 38q_readout_raw_data.txt ---
       N    Fisher_Tr     Fisher_Det    KL_prev    Entropy  Frob_Unif
----------------------------------------------------------------------
     500      4114.85       4.07e+12     0.0000     1.4279     1.1443
    1000     10397.94       1.44e+13     0.6081     1.4127     1.1504
    2000     36802.05       2.20e+12     0.3046     1.3551     1.2684
    3000     75577.41       1.07e+11     0.1478     1.5343     0.9652
    4000      9617.37       1.12e+16     1.0876     1.5434     1.1220
    5000    736022.21       1.68e+15     0.5945     1.5754     1.0388
    6000      6560.43       1.12e+11     0.1959     1.6081     0.9073
    7000     19795.84       1.03e+12     0.2736     1.6006     0.9983
    8000      1945.98       3.94e+12     1.1148     1.3725     1.3859
    9000      2927.48       1.11e+12     0.8133     1.4282     1.2987
   10000      3227.68       6.54e+12     0.7637     1.3266     1.2067
   15000       691.14       3.06e+10     1.2928     1.4692     1.1608
   20000       635.77       8.14e+11     1.6629     1.1652     1.3240
   30000       193.18       3.32e+08     0.7329     1.6176     0.8707
   40000      1631.11       7.76e+12     1.5479     1.1533     1.4011

Estimated phase transition (max |d(trace)/dN|): N ~ 5500


--- 39q (2D_Block) :: 39q_readout_raw_data.txt ---
       N    Fisher_Tr     Fisher_Det    KL_prev    Entropy  Frob_Unif
----------------------------------------------------------------------
     500     60123.50       3.55e+10     0.0000     1.6676     0.7873
    1000     26642.53       9.52e+09     0.2538     1.6791     0.7859
    2000     28436.27       5.02e+09     0.1253     1.6592     0.8288
    3000    125536.37       9.89e+09     0.0703     1.7569     0.6561
    4000      1231.98       1.04e+12     1.0391     1.4969     1.2788
    5000     16134.85       2.13e+15     0.4871     1.4926     1.1631
    6000     47459.95       1.05e+15     0.1744     1.6356     0.9452
    7000     74070.51       7.49e+22     1.1112     1.3598     1.1325
    8000      3812.35       1.01e+10     1.2586     1.4844     1.1416
    9000     15664.10       1.62e+11     0.2156     1.4610     1.0846
   10000      1569.88       2.43e+11     0.6536     1.2428     1.3203
   15000       149.63       7.33e+07     0.9346     1.6479     0.9400
   20000      8295.11       4.30e+15     2.1283     1.0624     1.5812
   30000      2202.68       7.87e+10     1.2648     1.3526     1.1912
   40000     49198.70       1.58e+13     1.9263     1.1237     1.4962

Estimated phase transition (max |d(trace)/dN|): N ~ 3500


--- 40q (2D_Block) :: 40q_readout_raw_data.txt ---
       N    Fisher_Tr     Fisher_Det    KL_prev    Entropy  Frob_Unif
----------------------------------------------------------------------
     500      2346.69       4.65e+10     0.0000     1.6001     0.8852
    1000      5341.53       1.98e+09     0.1339     1.6072     0.9070
    2000        76.08       5.22e+06     0.4224     1.8188     0.4921
    3000        64.53       2.30e+06     0.0939     1.8513     0.4229
    4000      2687.55       6.23e+12     1.2443     1.3907     1.2875
    5000      1575.59       3.97e+11     0.3746     1.4282     1.1933
    6000      5632.80       4.68e+11     0.2477     1.6149     0.9059
    7000      5565.18       7.59e+12     0.5324     1.4371     1.0831
    8000       856.84       6.50e+10     1.1003     1.5205     1.1840
    9000    324830.99       2.47e+15     0.4854     1.3850     1.1895
   10000      7631.66       7.05e+13     0.5422     1.3460     1.2874
   15000      7928.82       1.60e+12     1.5105     1.4509     1.2527
   20000      2701.98       3.00e+14     2.2359     0.8715     1.6750
   30000       355.23       4.88e+10     1.0111     1.2705     1.2382
   40000      2597.88       5.00e+11     1.2193     1.4849     1.0626

Estimated phase transition (max |d(trace)/dN|): N ~ 8500


--- 41q (2D_Block) :: 41q_readout_raw_data.txt ---
       N    Fisher_Tr     Fisher_Det    KL_prev    Entropy  Frob_Unif
----------------------------------------------------------------------
     500      1880.88       2.28e+09     0.0000     1.6127     0.8726
    1000      5237.62       8.46e+11     0.7984     1.5252     1.0232
    2000     19332.77       1.75e+09     0.3744     1.7352     0.7004
    3000    174837.54       1.32e+10     0.0448     1.7623     0.6440
    4000    122349.54       7.63e+12     0.7226     1.5651     1.1084
    5000      2423.88       6.27e+12     0.8602     1.5175     1.0791
    6000     59104.76       1.54e+12     0.3694     1.5799     0.8945
    7000      6800.33       1.65e+12     0.8947     1.3102     1.2646
    8000      7785.74       5.29e+13     0.8636     1.5630     1.1827
    9000      1471.74       8.17e+10     0.2158     1.5384     1.1232
   10000      5142.51       4.60e+12     0.1637     1.5695     0.9909
   15000       283.90       4.17e+08     0.4918     1.7020     0.7950
   20000      1236.98       6.23e+10     1.4233     1.2256     1.3408
   30000      2769.57       4.95e+12     2.8030     0.9514     1.5381
   40000      4503.93       5.91e+16     1.3527     1.2321     1.2558

Estimated phase transition (max |d(trace)/dN|): N ~ 2500


--- 42q (2D_Block) :: 42q_readout_raw_data.txt ---
       N    Fisher_Tr     Fisher_Det    KL_prev    Entropy  Frob_Unif
----------------------------------------------------------------------
     500        98.02       4.37e+07     0.0000     1.7039     0.7337
    1000        90.95       1.69e+07     0.3075     1.7964     0.5475
    2000        65.90       3.34e+06     0.1610     1.8262     0.4833
    3000        56.89       1.69e+06     0.0781     1.8880     0.3306
    4000      7137.71       2.12e+14     0.8381     1.5521     1.1950
    5000     16284.77       1.12e+14     0.4698     1.5143     1.0228
    6000      2155.20       2.01e+10     0.3818     1.4506     1.1041
    7000     20562.75       7.41e+12     1.3775     1.5301     1.0260
    8000      1310.92       8.56e+10     1.1049     1.2199     1.3650
    9000      5533.46       3.70e+13     0.5564     1.2605     1.3852
   10000      4227.86       1.05e+15     1.0231     1.2466     1.2798
   15000       410.23       1.51e+10     1.3518     1.3775     1.3620
   20000      1766.25       1.52e+14     2.8588     0.7929     1.7919
   30000     20258.58       3.00e+16     1.5546     1.4121     1.1292
   40000       824.85       2.76e+13     1.1549     1.1034     1.4789

Estimated phase transition (max |d(trace)/dN|): N ~ 7500


--- 43q (2D_Block) :: 43q_readout_raw_data.txt ---
       N    Fisher_Tr     Fisher_Det    KL_prev    Entropy  Frob_Unif
----------------------------------------------------------------------
     500       103.99       2.01e+07     0.0000     1.7156     0.6692
    1000        73.41       1.00e+07     0.3463     1.7588     0.6248
    2000        59.81       2.97e+06     0.1633     1.8597     0.4158
    3000        55.21       1.35e+06     0.0881     1.8958     0.3065
    4000      2638.30       1.30e+14     1.0744     1.4039     1.2840
    5000     14137.56       4.41e+14     0.7234     1.3274     1.2921
    6000      3856.03       1.31e+11     0.5671     1.5369     0.9874
    7000      9286.86       4.98e+12     0.4193     1.4284     1.0595
    8000      9722.33       2.97e+15     1.3839     1.4347     1.2775
    9000     17445.55       4.66e+15     0.8042     1.3806     1.2078
   10000      4287.44       1.89e+12     0.1846     1.3681     1.1584
   15000 1581958658.82       1.72e+15     1.5402     1.6689     0.7718
   20000    624560.52       2.66e+16     1.1163     1.2607     1.3092
   30000     75803.01       5.78e+17     2.6609     1.1367     1.4755
   40000      1412.34       1.30e+14     1.1139     1.1851     1.4203

Estimated phase transition (max |d(trace)/dN|): N ~ 12500


--- 44q (2D_Block) :: 44q_readout_raw_data.txt ---
       N    Fisher_Tr     Fisher_Det    KL_prev    Entropy  Frob_Unif
----------------------------------------------------------------------
     500      9576.27       2.46e+10     0.0000     1.4885     1.0440
    1000     10190.50       3.17e+09     0.1686     1.6038     0.9291
    2000     23244.66       2.37e+09     0.1373     1.7313     0.6943
    3000     84156.62       9.62e+09     0.0936     1.7020     0.7658
    4000     12691.92       2.75e+15     1.4235     1.4893     1.2936
    5000      7156.68       1.27e+13     0.3750     1.5340     1.0650
    6000      9541.29       9.13e+12     0.1922     1.6080     0.9849
    7000      3537.60       2.54e+11     0.5529     1.4883     1.1093
    8000      1999.44       1.59e+12     0.8771     1.5288     1.2611
    9000      7912.24       2.12e+13     0.3401     1.5418     1.1065
   10000     12221.09       4.02e+15     0.6741     1.2335     1.3425
   15000      3682.03       3.51e+11     2.8695     1.1080     1.5578
   20000      1004.75       1.02e+12     2.7272     0.9206     1.6705
   30000      1059.11       2.97e+11     1.1299     1.1983     1.3061
   40000      1649.25       1.54e+14     1.6249     1.0896     1.4694

Estimated phase transition (max |d(trace)/dN|): N ~ 3500


--- 45q (2D_Block) :: 45q_readout_raw_data.txt ---
       N    Fisher_Tr     Fisher_Det    KL_prev    Entropy  Frob_Unif
----------------------------------------------------------------------
     500      8121.51       6.86e+09     0.0000     1.6032     0.9026
    1000     12954.23       4.25e+09     0.2214     1.6580     0.8103
    2000     27335.37       7.73e+09     0.1938     1.6181     0.9016
    3000     89860.32       1.14e+10     0.0570     1.6722     0.8232
    4000       354.42       6.57e+09     0.3453     1.5749     1.1040
    5000      3978.87       1.10e+11     0.6579     1.5160     1.0695
    6000      3249.89       9.59e+09     0.2876     1.5220     0.9176
    7000      3181.33       2.07e+10     0.8018     1.5974     0.8863
    8000      5024.78       4.23e+14     1.8409     1.4415     1.2913
    9000      6285.82       1.98e+13     0.4325     1.5641     1.0414
   10000     50808.45       2.99e+18     0.3891     1.5704     0.9424
   15000      1156.11       6.29e+11     0.9005     1.5118     1.2692
   20000      4022.34       6.44e+14     1.3806     1.3110     1.3879
   30000       496.06       1.14e+11     1.0808     1.3107     1.2106
   40000      1008.72       4.11e+13     1.2186     1.2806     1.3845

Estimated phase transition (max |d(trace)/dN|): N ~ 3500


--- 46q (Bulk_Full) :: 46q_readout_raw_data.txt ---
       N    Fisher_Tr     Fisher_Det    KL_prev    Entropy  Frob_Unif
----------------------------------------------------------------------
     500    324370.24       3.61e+14     0.0000     1.5406     0.9375
    1000       101.83       3.49e+07     0.9411     1.7163     0.6735
    2000        72.40       4.64e+06     0.2133     1.8292     0.4581
    3000        59.97       2.42e+06     0.0929     1.8689     0.3832
    4000      1239.34       1.06e+12     0.7837     1.4614     1.3053
    5000      6693.47       5.09e+12     0.3223     1.5424     1.1091
    6000      2394.10       3.64e+10     0.1961     1.5046     1.1029
    7000      9723.82       1.91e+13     0.6758     1.4940     1.0928
    8000      6737.37       1.28e+14     1.1979     1.4967     1.2604
    9000    148473.92       4.36e+14     0.3033     1.5569     1.0735
   10000    200600.29       4.91e+14     0.6395     1.3163     1.2396
   15000       602.49       1.06e+10     1.5952     1.3134     1.2765
   20000     30743.28       1.65e+17     3.1999     0.9770     1.6986
   30000     14797.84       7.43e+15     1.6295     1.1752     1.5589
   40000      3119.59       5.35e+15     0.8614     1.2063     1.2535

Estimated phase transition (max |d(trace)/dN|): N ~ 750


--- 47q (1D_Snake) :: 47q_readout_raw_data.txt ---
       N    Fisher_Tr     Fisher_Det    KL_prev    Entropy  Frob_Unif
----------------------------------------------------------------------
     500     18087.65       8.28e+10     0.0000     1.5972     0.9089
    1000     18481.20       6.06e+09     0.1526     1.6569     0.8276
    2000     40084.36       4.51e+09     0.1160     1.7418     0.6710
    3000     74835.35       6.65e+09     0.0474     1.7479     0.6662
    4000      1170.55       7.47e+10     0.7671     1.6047     1.1728
    5000      5530.09       3.84e+12     0.2245     1.5987     1.0312
    6000      6006.02       1.01e+11     0.1357     1.6172     0.9466
    7000      3414.35       2.15e+12     0.5716     1.6041     0.9630
    8000      3055.35       1.61e+12     1.8161     1.3678     1.2603
    9000      2727.69       2.71e+11     0.1736     1.4769     1.0719
   10000     20228.97       2.11e+12     0.4102     1.4486     1.1737
   15000       527.18       2.69e+09     1.2660     1.6065     0.9940
   20000      1059.41       3.95e+13     1.1498     0.9650     1.6386
   30000      1395.68       6.37e+12     1.4285     1.1739     1.4249
   40000      2144.09       6.32e+14     2.0348     1.0973     1.4763

Estimated phase transition (max |d(trace)/dN|): N ~ 3500


--- 48q (Bulk_Full) :: 48q_readout_raw_data.txt ---
       N    Fisher_Tr     Fisher_Det    KL_prev    Entropy  Frob_Unif
----------------------------------------------------------------------
     500       199.55       1.44e+09     0.0000     1.6822     0.7194
    1000        78.60       1.51e+07     0.3834     1.7684     0.5909
    2000        58.38       2.63e+06     0.2162     1.8649     0.4039
    3000        54.53       1.65e+06     0.0939     1.8971     0.3112
    4000       198.26       3.80e+08     0.4656     1.6319     1.0624
    5000      5304.34       1.02e+12     0.3646     1.5202     1.0316
    6000       952.18       1.69e+09     0.1601     1.6806     0.8542
    7000      1695.12       2.69e+10     0.2891     1.5770     0.9211
    8000     15594.08       4.39e+14     1.1709     1.4963     1.2756
    9000     13272.61       4.67e+14     0.3427     1.4879     1.1764
   10000     41092.12       5.26e+15     0.5798     1.3625     1.2630
   15000      5121.91       2.33e+13     1.5437     1.1468     1.4682
   20000     17229.38       4.06e+14     1.1389     1.3443     1.2390
   30000       596.28       2.06e+11     1.2613     1.3186     1.2630
   40000      1021.52       3.06e+12     1.7888     0.9855     1.6026

Estimated phase transition (max |d(trace)/dN|): N ~ 9500


--- 49q (1D_Snake) :: 49q_readout_raw_data.txt ---
       N    Fisher_Tr     Fisher_Det    KL_prev    Entropy  Frob_Unif
----------------------------------------------------------------------
     500      1929.58       8.76e+08     0.0000     1.6591     0.8040
    1000        79.69       1.90e+07     0.4813     1.7591     0.6233
    2000        55.68       1.96e+06     0.2078     1.8912     0.3286
    3000        53.33       1.40e+06     0.0835     1.9048     0.2865
    4000      8910.72       1.10e+16     1.0294     1.5182     1.2362
    5000     96967.98       5.95e+17     0.3539     1.5381     1.0878
    6000     10509.95       1.25e+13     0.0959     1.6185     0.9713
    7000       807.37       5.63e+10     0.4743     1.5572     1.0242
    8000      1035.03       5.51e+10     0.9509     1.5887     1.0822
    9000     17248.15       8.04e+13     0.0429     1.5584     1.0673
   10000      6131.86       6.27e+12     0.4281     1.4363     1.2256
   15000 10647619693.59       4.01e+43     2.8657     1.1383     1.4832
   20000       524.49       3.85e+09     1.9016     1.3690     1.1363
   30000      4019.96       1.19e+15     0.6562     1.3164     1.2079
   40000       741.08       1.20e+13     0.6519     1.2996     1.2054

Estimated phase transition (max |d(trace)/dN|): N ~ 17500


--- 50q (2D_Block) :: 50q_readout_raw_data.txt ---
       N    Fisher_Tr     Fisher_Det    KL_prev    Entropy  Frob_Unif
----------------------------------------------------------------------
     500       170.79       6.04e+08     0.0000     1.6512     0.7707
    1000        73.38       8.66e+06     0.4560     1.8320     0.4626
    2000        55.17       1.62e+06     0.1436     1.8946     0.3227
    3000        51.80       1.17e+06     0.0772     1.9191     0.2311
    4000     59118.38       1.69e+18     0.8450     1.6367     1.1756
    5000     24207.67       1.98e+15     0.3873     1.5991     1.0731
    6000     19858.11       9.24e+13     0.1625     1.6229     0.9750
    7000     16600.21       1.72e+13     0.5270     1.4576     1.0821
    8000      1397.12       1.38e+11     0.6752     1.5614     1.1416
    9000      5003.83       1.34e+12     0.3740     1.4460     1.1298
   10000      9910.63       1.25e+14     0.7719     1.2750     1.3298
   15000 1221364813.67       1.06e+19     2.2605     1.4758     1.1064
   20000     50785.30       1.80e+13     1.5900     1.5225     1.0358
   30000      2918.42       4.58e+10     0.4526     1.5916     0.9235
   40000     19967.94       1.23e+19     1.3779     0.8780     1.7748

Estimated phase transition (max |d(trace)/dN|): N ~ 12500


--- 51q (Bulk_Full) :: 51q_readout_raw_data.txt ---
       N    Fisher_Tr     Fisher_Det    KL_prev    Entropy  Frob_Unif
----------------------------------------------------------------------
     500       148.61       4.19e+08     0.0000     1.6682     0.7556
    1000        62.21       3.87e+06     0.3826     1.8375     0.4633
    2000        56.55       1.92e+06     0.1051     1.8875     0.3351
    3000        56.54       2.02e+06     0.0840     1.8827     0.3579
    4000       598.89       5.09e+10     0.5051     1.5646     1.2485
    5000      5479.39       2.80e+12     0.3340     1.5891     1.0624
    6000      1028.25       2.41e+09     0.1798     1.6274     0.9500
    7000      4292.43       6.84e+12     1.0543     1.4847     1.1129
    8000    705812.58       3.80e+17     2.4165     1.3838     1.2994
    9000    630384.75       1.22e+19     0.2761     1.5900     1.1110
   10000     24253.05       9.37e+14     0.5999     1.3491     1.2262
   15000       114.37       5.49e+07     0.6339     1.6915     0.9471
   20000     16374.30       5.11e+19     2.1960     0.8753     1.6048
   30000     72813.49       3.11e+13     1.6368     1.4645     1.0296
   40000      1599.82       4.03e+13     1.3442     1.1740     1.3281

Estimated phase transition (max |d(trace)/dN|): N ~ 7500


--- 53q (Bulk_Full) :: 53q_readout_raw_data.txt ---
       N    Fisher_Tr     Fisher_Det    KL_prev    Entropy  Frob_Unif
----------------------------------------------------------------------
     500      3551.87       6.52e+09     0.0000     1.4840     0.9725
    1000        61.86       3.97e+06     0.5885     1.8403     0.4706
    2000       195.57       4.85e+07     0.6389     1.6277     0.8239
    3000       219.21       2.10e+07     0.1383     1.6845     0.7281
    4000      5184.76       8.58e+12     0.7768     1.5865     1.1993
    5000      6627.59       5.24e+12     0.2798     1.6310     0.9880
    6000      2963.68       2.65e+10     0.1317     1.6003     0.9560
    7000      3207.11       1.60e+12     0.3052     1.6738     0.8782
    8000      4474.25       6.81e+12     1.3737     1.4045     1.2081
    9000      1894.30       1.61e+11     0.2014     1.4532     1.1582
   10000     67403.87       1.82e+14     0.5843     1.4760     1.1546
   15000       197.37       2.13e+08     0.9992     1.6656     0.8946
   20000       989.85       1.42e+11     1.9029     1.1867     1.3524
   30000       720.12       1.98e+10     1.1793     1.5032     0.9509
   40000      1442.09       4.84e+12     0.8022     1.2226     1.2891

Estimated phase transition (max |d(trace)/dN|): N ~ 9500


=== SUMMARY: estimated N by topology ===
1D_Snake: n=7, mean=11642.9, std=5843.2, min=3500, max=17500
2D_Block: n=14, mean=7446.4, std=4653.6, min=750, max=17500
Bulk_Full: n=7, mean=6107.1, std=3188.1, min=750, max=9500

=== INTERPRETATION ===
If the Fisher trace shows a sharp change near N~8000 (the Grammar Fingerprinting
classification threshold), this suggests a geometric phase transition in the
information manifold — supporting the hypothesis that the threshold represents
a physical boundary where noise structure becomes geometrically organized.
