=== FISHER INFORMATION METRIC ANALYSIS ===

Files processed: 28
Input directory: .\readout_raw_data


--- 12q (2D_Block) :: 12q_readout_raw_data.txt ---
       N    Fisher_Tr     Fisher_Det    KL_prev    Entropy  Frob_Unif
----------------------------------------------------------------------
     500      9164.54       4.96e+09     0.0000     1.0179     1.3240
    1000      8351.67       1.27e+09     0.0489     1.1171     1.1970
    2000     80879.62       7.49e+10     0.0283     1.1851     1.1066
    3000    229269.09       8.68e+11     0.0089     1.1327     1.1848
    4000     88806.64       7.75e+08     0.7383     1.0350     1.2057
    5000   2248224.95       6.45e+10     0.4386     0.9288     1.3304
    6000   6633255.34       4.48e+11     1.5345     0.9717     1.2681
    7000  23379473.93       1.58e+12     0.1246     1.0530     1.3033
    8000       247.21       5.46e+05     0.2390     1.1670     1.0944
    9000       847.01       1.68e+06     0.0298     1.1795     1.0858
   10000        79.89       1.18e+05     0.2983     0.9754     1.2566
   15000       115.61       1.90e+05     0.5597     1.3485     0.9400
   20000      7012.24       1.24e+13     1.5421     0.9572     1.3262
   30000      5217.49       1.14e+09     0.8421     0.9707     1.1233
   40000       186.92       9.67e+06     1.3230     1.1689     0.9971

Estimated phase transition (max |d(trace)/dN|): N ~ 7500


--- 14q (1D_Snake) :: 14q_readout_raw_data.txt ---
       N    Fisher_Tr     Fisher_Det    KL_prev    Entropy  Frob_Unif
----------------------------------------------------------------------
     500      3710.29       1.61e+09     0.0000     1.0325     1.3020
    1000      9442.21       3.74e+09     0.0174     0.9975     1.3558
    2000     99832.68       3.47e+11     0.0072     1.0409     1.3030
    3000    190579.70       7.52e+11     0.0353     1.1098     1.1883
    4000    100259.97       2.39e+10     1.3101     1.2284     1.2030
    5000    100193.96       1.32e+10     0.5927     1.0350     1.3201
    6000   5922950.65       4.43e+13     5.0664     1.2282     1.1546
    7000      5422.89       1.70e+12     2.5030     0.6250     1.5350
    8000      2226.10       8.58e+07     2.3437     0.9449     1.2181
    9000       696.45       1.46e+06     0.1375     0.9583     1.1854
   10000       234.79       7.21e+06     0.4731     1.1582     0.9521
   15000      3662.81       9.28e+08     2.1456     0.6294     1.6445
   20000       451.86       1.54e+08     1.9068     0.9043     1.2540
   30000       288.24       3.17e+07     0.5776     0.9810     1.1927
   40000       292.68       1.91e+06     1.2250     1.1061     1.0733

Estimated phase transition (max |d(trace)/dN|): N ~ 6500


--- 16q (2D_Block) :: 16q_readout_raw_data.txt ---
       N    Fisher_Tr     Fisher_Det    KL_prev    Entropy  Frob_Unif
----------------------------------------------------------------------
     500     17787.68       6.77e+09     0.0000     1.1332     1.1764
    1000     20509.88       1.07e+10     0.0185     1.1083     1.1985
    2000     41256.71       2.95e+10     0.0197     1.1392     1.1604
    3000    154541.84       4.24e+11     0.0099     1.1255     1.1930
    4000     14096.61       1.11e+08     0.7220     1.1914     1.1102
    5000    170889.24       9.18e+08     0.4862     1.1750     0.9828
    6000  13217859.21       2.06e+12     4.7666     1.0969     1.2092
    7000  24129448.48       5.26e+12     1.1635     1.1844     0.9661
    8000      1753.67       4.65e+07     1.8828     0.7282     1.4702
    9000      1960.67       5.69e+07     0.4228     1.0612     1.1415
   10000      2674.30       2.03e+08     1.0086     1.0010     1.2330
   15000      1099.90       2.22e+09     1.1179     0.5617     1.6110
   20000      2094.40       1.18e+11     1.4110     0.8796     1.3248
   30000       696.33       2.42e+07     1.0168     1.0226     1.1793
   40000      7344.64       6.98e+11     1.4000     0.9175     1.2637

Estimated phase transition (max |d(trace)/dN|): N ~ 7500


--- 18q (1D_Snake) :: 18q_readout_raw_data.txt ---
       N    Fisher_Tr     Fisher_Det    KL_prev    Entropy  Frob_Unif
----------------------------------------------------------------------
     500      6704.67       7.39e+08     0.0000     1.1528     1.1443
    1000     10313.43       1.79e+09     0.0594     1.1878     1.0905
    2000     50469.66       8.33e+10     0.0505     1.0857     1.2428
    3000    209768.29       7.79e+11     0.0121     1.1130     1.2146
    4000    406306.53       1.12e+12     1.3167     1.0766     1.2257
    5000    249500.39       6.63e+09     0.1118     1.1957     1.0807
    6000   1305071.86       1.52e+09     0.6421     1.2043     0.9866
    7000        55.62       9.48e+04     0.5811     1.3133     0.9113
    8000       174.99       1.83e+05     1.0741     1.1216     0.9797
    9000        74.57       8.09e+04     0.1478     1.1049     1.0713
   10000      2435.70       7.12e+07     0.4377     1.2642     0.7872
   15000       353.23       9.49e+05     0.6317     1.0965     1.1490
   20000       291.71       5.34e+06     0.8393     1.2461     0.9091
   30000       165.67       2.61e+06     0.5230     1.0416     1.1501
   40000       135.55       2.33e+06     0.6991     1.0912     1.0804

Estimated phase transition (max |d(trace)/dN|): N ~ 6500


--- 20q (2D_Block) :: 20q_readout_raw_data.txt ---
       N    Fisher_Tr     Fisher_Det    KL_prev    Entropy  Frob_Unif
----------------------------------------------------------------------
     500     12165.98       1.75e+09     0.0000     1.2287     1.0257
    1000     14261.28       2.68e+09     0.0376     1.1706     1.1294
    2000     69401.99       5.12e+10     0.0075     1.2079     1.0678
    3000    138947.08       2.21e+11     0.0034     1.1960     1.0856
    4000     73054.96       1.98e+08     0.5282     1.2347     1.0934
    5000      1292.10       2.17e+06     0.2519     1.2276     0.9537
    6000  13755402.27       9.81e+11     4.5006     1.1634     1.1106
    7000  15318667.86       8.09e+15     0.2050     1.1561     1.0991
    8000       482.37       3.43e+07     2.2754     0.7123     1.4894
    9000       529.73       7.05e+06     0.3472     1.0594     1.1642
   10000       674.96       1.33e+07     0.0236     1.0837     1.1369
   15000       101.53       2.86e+05     1.7517     1.0775     1.1182
   20000       274.86       7.29e+06     0.9992     1.1009     1.0303
   30000        67.68       1.05e+05     0.8677     1.3022     0.9630
   40000       299.02       6.21e+07     1.4525     0.7739     1.4361

Estimated phase transition (max |d(trace)/dN|): N ~ 7500


--- 22q (1D_Snake) :: 22q_readout_raw_data.txt ---
       N    Fisher_Tr     Fisher_Det    KL_prev    Entropy  Frob_Unif
----------------------------------------------------------------------
     500     16923.48       3.27e+08     0.0000     1.0024     1.2685
    1000      2777.39       5.23e+06     0.1408     1.2348     0.9300
    2000     24322.69       2.23e+07     0.0568     1.2189     0.9867
    3000     56342.02       5.26e+07     0.0231     1.2102     0.9847
    4000     91643.95       7.70e+10     0.9997     1.3004     1.0760
    5000      6105.06       5.54e+08     0.2171     1.1931     1.0805
    6000      6887.89       1.86e+09     0.9521     1.1373     1.1028
    7000      1329.73       1.40e+07     0.4453     1.3233     0.8443
    8000      1607.48       3.71e+07     0.9787     0.9461     1.3595
    9000       324.45       3.63e+05     0.6063     1.2514     0.9658
   10000       659.88       2.03e+07     0.4781     1.1719     1.1375
   15000       209.99       1.16e+06     1.5776     0.9910     1.1879
   20000     22986.13       2.65e+13     2.7236     0.7899     1.3647
   30000       370.01       5.02e+08     1.1328     0.8309     1.3526
   40000       163.72       2.14e+06     0.7190     1.0149     1.1413

Estimated phase transition (max |d(trace)/dN|): N ~ 4500


--- 24q (2D_Block) :: 24q_readout_raw_data.txt ---
       N    Fisher_Tr     Fisher_Det    KL_prev    Entropy  Frob_Unif
----------------------------------------------------------------------
     500      7339.63       2.15e+07     0.0000     1.1277     1.0727
    1000      5195.10       4.61e+06     0.0751     1.2097     0.9848
    2000     11132.29       4.80e+06     0.1004     1.3491     0.7885
    3000     45576.66       1.75e+07     0.0155     1.3612     0.7653
    4000       228.03       1.55e+06     0.5997     1.1797     1.1660
    5000      5192.03       2.43e+08     0.0446     1.1391     1.1794
    6000      3611.80       3.20e+06     0.1702     1.2225     1.0294
    7000     61151.28       1.55e+08     0.5288     1.2806     0.9124
    8000       890.64       4.83e+07     1.1277     0.9807     1.2421
    9000      1556.14       4.81e+07     0.3085     1.1273     1.0312
   10000      1204.44       2.55e+08     0.5002     1.1808     1.0295
   15000      1597.61       3.89e+07     0.9918     0.9410     1.3334
   20000       152.76       1.76e+07     0.9224     1.0238     1.0962
   30000       336.61       8.95e+06     0.6784     1.1528     0.9679
   40000       169.45       2.10e+07     0.5238     1.0537     1.0948

Estimated phase transition (max |d(trace)/dN|): N ~ 7500


--- 26q (Bulk_Full) :: 26q_readout_raw_data.txt ---
       N    Fisher_Tr     Fisher_Det    KL_prev    Entropy  Frob_Unif
----------------------------------------------------------------------
     500     10153.07       8.52e+06     0.0000     1.2442     0.9520
    1000      4444.42       3.13e+06     0.1077     1.2767     0.9083
    2000     14494.28       6.73e+06     0.0484     1.3204     0.8382
    3000     95399.94       5.71e+07     0.0299     1.2369     0.9764
    4000      2186.35       1.81e+07     0.7751     1.3231     1.0629
    5000     31465.08       3.68e+09     0.2718     1.2552     1.0100
    6000      1458.06       1.73e+07     0.3539     1.2550     1.0072
    7000       212.86       7.54e+05     0.3139     1.3004     0.8802
    8000       302.55       7.85e+05     0.8212     1.3027     0.9760
    9000      3507.47       6.81e+07     0.1284     1.1782     1.0857
   10000      1970.37       7.35e+07     0.3948     1.0736     1.0014
   15000       312.62       5.48e+06     1.4092     0.8183     1.3656
   20000       317.33       6.12e+07     1.0951     1.0359     1.0893
   30000       600.77       5.60e+07     1.0210     0.8564     1.3657
   40000       167.19       1.58e+07     1.3529     1.0275     1.1462

Estimated phase transition (max |d(trace)/dN|): N ~ 3500


--- 28q (1D_Snake) :: 28q_readout_raw_data.txt ---
       N    Fisher_Tr     Fisher_Det    KL_prev    Entropy  Frob_Unif
----------------------------------------------------------------------
     500      5012.56       3.91e+07     0.0000     1.2331     0.9161
    1000      7802.41       2.92e+07     0.2099     1.0526     1.1627
    2000     49632.42       1.96e+08     0.0729     1.1239     1.0375
    3000     61026.36       2.62e+08     0.0572     1.1130     1.0874
    4000    390518.77       6.73e+14     1.9600     0.9712     1.3548
    5000      2415.11       2.58e+08     0.3305     0.9480     1.1905
    6000      9077.97       7.21e+08     0.2902     1.0802     1.0782
    7000     13821.98       4.03e+09     0.7614     1.2141     0.9512
    8000       958.88       5.18e+06     0.9737     0.9779     1.2005
    9000       382.19       1.51e+06     0.2580     1.2126     0.9615
   10000      1244.57       2.11e+08     0.7710     0.9703     1.1314
   15000      1238.22       4.89e+07     0.8502     1.0134     1.2379
   20000       692.40       2.79e+07     1.6939     0.7875     1.3532
   30000        85.77       3.81e+04     0.9049     1.3752     0.6380
   40000       356.15       1.12e+08     0.8129     1.0201     1.1273

Estimated phase transition (max |d(trace)/dN|): N ~ 4500


--- 30q (2D_Block) :: 30q_readout_raw_data.txt ---
       N    Fisher_Tr     Fisher_Det    KL_prev    Entropy  Frob_Unif
----------------------------------------------------------------------
     500      1943.64       2.64e+07     0.0000     1.1732     1.0149
    1000      3123.89       1.16e+06     0.1629     1.3804     0.7335
    2000     23139.74       9.26e+06     0.0245     1.3639     0.7624
    3000     72252.84       3.95e+07     0.0541     1.2731     0.9239
    4000      1160.04       4.42e+07     0.7654     1.0921     1.2896
    5000      1073.41       3.14e+07     0.2459     1.1925     1.0884
    6000      3037.53       3.89e+06     0.1514     1.3130     0.8576
    7000       862.27       7.90e+05     0.1458     1.3320     0.8327
    8000       675.87       4.88e+07     1.3386     0.8197     1.4714
    9000       395.97       3.34e+06     0.3086     1.2293     1.0042
   10000       582.13       4.16e+07     0.5691     1.1142     1.1380
   15000       601.73       5.00e+05     0.4420     1.3370     0.6896
   20000       145.67       2.25e+06     1.0311     1.0235     1.1360
   30000       204.65       9.34e+06     0.9142     1.0874     1.0099
   40000       733.98       9.59e+08     0.7788     0.9462     1.2477

Estimated phase transition (max |d(trace)/dN|): N ~ 3500


--- 32q (1D_Snake) :: 32q_readout_raw_data.txt ---
       N    Fisher_Tr     Fisher_Det    KL_prev    Entropy  Frob_Unif
----------------------------------------------------------------------
     500        73.59       3.88e+04     0.0000     1.4233     0.5753
    1000        37.17       1.01e+04     0.1939     1.4533     0.5542
    2000        41.05       9.73e+03     0.0882     1.4573     0.5358
    3000        32.03       5.88e+03     0.0387     1.5189     0.4106
    4000      2706.95       1.29e+09     0.7892     1.1186     1.2576
    5000      5205.06       3.81e+08     0.2085     1.1948     1.0564
    6000       974.07       1.08e+06     0.2969     1.2234     0.9755
    7000       475.91       4.34e+05     0.0953     1.3802     0.7985
    8000      4169.94       4.85e+06     0.5410     1.2664     0.9196
    9000        82.83       8.17e+04     0.1964     1.2406     0.8321
   10000    241629.58       2.68e+09     0.5420     1.1696     1.0037
   15000      3565.35       4.28e+10     1.5492     0.7181     1.5085
   20000      1655.22       5.05e+08     1.0813     0.5053     1.6312
   30000      4005.64       2.31e+07     2.0617     1.1184     1.0062
   40000      1081.50       6.61e+09     1.2004     0.9399     1.2571

Estimated phase transition (max |d(trace)/dN|): N ~ 9500


--- 34q (2D_Block) :: 34q_readout_raw_data.txt ---
       N    Fisher_Tr     Fisher_Det    KL_prev    Entropy  Frob_Unif
----------------------------------------------------------------------
     500        64.45       6.75e+04     0.0000     1.3470     0.7176
    1000        32.59       8.19e+03     0.5022     1.4744     0.5385
    2000        26.49       3.98e+03     0.1868     1.5788     0.2508
    3000        26.59       3.93e+03     0.0316     1.5805     0.2392
    4000      1286.73       8.49e+06     0.7436     1.2952     0.9972
    5000       844.11       2.06e+06     0.1515     1.2770     0.9045
    6000     11141.59       9.40e+06     0.2548     1.3632     0.7909
    7000        83.24       2.48e+05     0.3418     1.2717     0.9630
    8000      1049.64       1.16e+07     0.8407     1.2401     1.0917
    9000       600.19       8.84e+06     0.0475     1.1644     1.1569
   10000       907.78       1.51e+07     0.0467     1.2201     1.0639
   15000       428.65       2.05e+07     2.2115     0.9155     1.2775
   20000      3393.38       2.90e+08     3.9327     0.9054     1.2878
   30000       403.70       2.77e+07     0.7159     1.1373     1.1033
   40000       464.68       2.60e+08     0.8010     0.8728     1.3172

Estimated phase transition (max |d(trace)/dN|): N ~ 6500


--- 36q (Bulk_Full) :: 36q_readout_raw_data.txt ---
       N    Fisher_Tr     Fisher_Det    KL_prev    Entropy  Frob_Unif
----------------------------------------------------------------------
     500      1893.98       1.24e+06     0.0000     1.3008     0.8645
    1000      2885.21       1.27e+06     0.0590     1.3703     0.7511
    2000     11742.47       4.87e+06     0.0631     1.3637     0.7579
    3000    116436.25       3.70e+07     0.0290     1.3870     0.7213
    4000       552.06       3.13e+07     0.7052     1.3118     1.0936
    5000      4223.82       6.06e+08     0.3228     1.1472     1.1144
    6000      2062.37       6.38e+07     0.6946     1.1464     1.0120
    7000      1453.56       8.59e+06     0.2979     1.2020     0.9516
    8000      1058.44       4.37e+07     0.6494     1.2088     1.0919
    9000      4471.21       6.88e+08     0.0831     1.2070     1.0547
   10000      1943.73       4.61e+10     1.3817     0.8681     1.2101
   15000      1964.26       9.07e+06     2.0499     1.0187     1.0677
   20000       633.57       4.72e+08     2.3705     0.9116     1.2650
   30000        90.09       1.11e+05     0.4303     1.3542     0.6650
   40000       185.24       7.01e+06     0.3713     1.0900     1.0483

Estimated phase transition (max |d(trace)/dN|): N ~ 3500


--- 38q (Bulk_Full) :: 38q_readout_raw_data.txt ---
       N    Fisher_Tr     Fisher_Det    KL_prev    Entropy  Frob_Unif
----------------------------------------------------------------------
     500      2524.94       4.82e+07     0.0000     1.1312     1.0790
    1000        63.86       3.12e+04     1.0748     1.3287     0.7329
    2000        46.81       1.06e+04     0.1256     1.4580     0.4958
    3000        38.53       7.69e+03     0.0497     1.4903     0.4565
    4000    140590.47       2.20e+09     2.0329     1.1880     1.0974
    5000      5251.83       4.21e+08     0.4019     1.2307     1.0532
    6000      7367.18       1.71e+08     0.3934     1.2564     1.0159
    7000       393.98       2.01e+06     0.4482     1.1586     1.0180
    8000       166.84       4.55e+05     0.5847     1.3010     0.9897
    9000       364.35       4.65e+06     0.0441     1.2045     1.0797
   10000      7458.17       2.96e+07     0.2870     1.0779     1.1962
   15000       219.55       4.56e+06     0.9700     1.1612     0.9362
   20000       159.41       5.79e+05     1.1165     1.2101     0.8486
   30000        88.07       8.34e+04     0.7106     1.2891     0.8147
   40000       669.83       1.47e+08     1.6286     0.9236     1.2420

Estimated phase transition (max |d(trace)/dN|): N ~ 3500


--- 39q (2D_Block) :: 39q_readout_raw_data.txt ---
       N    Fisher_Tr     Fisher_Det    KL_prev    Entropy  Frob_Unif
----------------------------------------------------------------------
     500      4661.93       3.93e+06     0.0000     1.3146     0.8219
    1000      7993.85       5.54e+06     0.0865     1.2761     0.8828
    2000        27.13       4.19e+03     0.3983     1.5717     0.2697
    3000        27.37       4.20e+03     0.0548     1.5582     0.3308
    4000       297.10       2.82e+06     0.6362     1.3327     1.0518
    5000      4117.82       2.85e+08     0.1994     1.2252     1.0418
    6000      3129.52       3.41e+07     0.0936     1.3225     0.9035
    7000      5584.40       1.23e+11     0.5013     1.3169     0.8328
    8000      2190.65       7.31e+06     1.1117     1.0360     1.2342
    9000        55.84       2.98e+04     0.1844     1.2470     0.8974
   10000     13051.68       6.56e+07     0.6153     1.1407     1.1121
   15000       175.29       2.91e+05     0.9066     0.9843     1.2129
   20000      3425.83       3.09e+09     2.7954     0.8404     1.4463
   30000       454.25       9.09e+06     1.1822     0.9552     1.1068
   40000       437.92       2.94e+07     1.9871     0.9059     1.3083

Estimated phase transition (max |d(trace)/dN|): N ~ 9500


--- 40q (2D_Block) :: 40q_readout_raw_data.txt ---
       N    Fisher_Tr     Fisher_Det    KL_prev    Entropy  Frob_Unif
----------------------------------------------------------------------
     500        46.36       5.46e+04     0.0000     1.3979     0.6532
    1000        35.47       1.35e+04     0.1455     1.4815     0.4888
    2000        31.93       6.69e+03     0.0968     1.5257     0.4079
    3000        30.12       5.60e+03     0.0420     1.5049     0.4766
    4000       216.12       2.10e+06     1.2652     1.0696     1.2598
    5000      2529.32       4.34e+07     0.2815     1.0649     1.1093
    6000       448.69       1.14e+06     0.4337     1.2408     0.9200
    7000      3283.78       1.33e+08     0.5470     1.2715     0.8832
    8000       610.24       1.84e+07     1.4319     0.9366     1.3276
    9000       482.46       9.35e+06     0.3069     0.9927     1.2098
   10000      1376.26       2.22e+07     0.0903     1.1238     1.0627
   15000     20799.72       4.47e+13     2.6655     0.6693     1.5864
   20000       442.56       8.45e+07     1.5496     0.9415     1.1912
   30000       207.10       3.54e+06     0.4906     0.9990     1.1737
   40000      1312.22       2.85e+07     0.7235     1.1228     1.0129

Estimated phase transition (max |d(trace)/dN|): N ~ 17500


--- 41q (2D_Block) :: 41q_readout_raw_data.txt ---
       N    Fisher_Tr     Fisher_Det    KL_prev    Entropy  Frob_Unif
----------------------------------------------------------------------
     500      3997.49       5.74e+06     0.0000     1.2362     0.9433
    1000      4569.77       2.26e+06     0.0989     1.3460     0.7850
    2000        27.64       4.83e+03     0.3286     1.5678     0.2842
    3000        25.84       3.66e+03     0.0474     1.5901     0.2058
    4000       790.23       2.62e+06     0.4602     1.3415     0.9914
    5000       358.50       1.36e+06     0.0711     1.3075     0.9825
    6000      1803.56       1.22e+06     0.1294     1.3127     0.8724
    7000       903.64       7.29e+05     0.6278     1.3174     0.8338
    8000       786.53       1.64e+07     1.0246     1.0860     1.2988
    9000      1258.02       3.09e+07     0.0885     1.2571     1.0281
   10000      2031.60       8.58e+07     0.4912     0.9866     1.0880
   15000        59.91       3.78e+04     1.6349     1.3031     0.8163
   20000       147.10       3.78e+05     0.9828     1.1239     1.0430
   30000      1276.92       9.67e+10     2.4886     0.7309     1.4786
   40000      2372.84       4.36e+11     0.4379     0.8033     1.3832

Estimated phase transition (max |d(trace)/dN|): N ~ 1500


--- 42q (2D_Block) :: 42q_readout_raw_data.txt ---
       N    Fisher_Tr     Fisher_Det    KL_prev    Entropy  Frob_Unif
----------------------------------------------------------------------
     500        56.57       2.64e+04     0.0000     1.3482     0.7223
    1000        56.33       2.46e+04     0.1309     1.3075     0.7714
    2000        27.76       4.65e+03     0.2181     1.5601     0.3109
    3000        25.76       3.60e+03     0.0570     1.5943     0.1744
    4000       460.56       5.22e+06     0.6508     1.1832     1.1809
    5000      3047.54       1.48e+08     0.8001     1.0542     1.0891
    6000       523.19       5.22e+05     0.1340     1.3111     0.8473
    7000      3015.65       5.61e+06     0.2475     1.3416     0.8562
    8000       571.44       2.82e+07     1.5099     0.5580     1.6160
    9000       638.95       9.83e+06     0.5809     0.9324     1.2199
   10000      1040.72       4.46e+07     0.2283     1.0365     1.0764
   15000       275.31       1.01e+06     2.2682     1.1260     1.1206
   20000      2890.84       2.00e+11     1.8018     0.8757     1.2697
   30000       152.26       1.12e+06     0.9060     1.1578     0.9726
   40000       175.84       1.85e+07     0.6462     0.9942     1.1697

Estimated phase transition (max |d(trace)/dN|): N ~ 4500


--- 43q (2D_Block) :: 43q_readout_raw_data.txt ---
       N    Fisher_Tr     Fisher_Det    KL_prev    Entropy  Frob_Unif
----------------------------------------------------------------------
     500        55.86       2.36e+04     0.0000     1.4712     0.4844
    1000        31.12       7.20e+03     0.1073     1.5025     0.4692
    2000        30.65       5.78e+03     0.0536     1.5135     0.4300
    3000        26.56       3.83e+03     0.0568     1.5787     0.2472
    4000       149.65       5.73e+05     0.4979     1.3012     1.0064
    5000      2387.24       2.45e+07     0.3546     1.1763     0.9691
    6000      2608.85       1.31e+07     0.1126     1.2104     0.9024
    7000      3909.86       1.32e+08     0.4418     1.2925     0.8615
    8000       623.46       8.68e+07     1.8210     0.7462     1.4612
    9000      3774.65       8.73e+08     0.7740     1.0548     1.1227
   10000      5780.66       2.79e+08     0.3526     1.1300     1.0919
   15000       761.12       7.84e+07     1.5540     0.5327     1.6365
   20000       204.52       5.41e+05     1.0520     1.1222     1.0336
   30000       524.64       1.06e+09     1.3274     0.9459     1.2497
   40000       230.79       9.60e+07     0.2543     1.1382     1.0055

Estimated phase transition (max |d(trace)/dN|): N ~ 7500


--- 44q (2D_Block) :: 44q_readout_raw_data.txt ---
       N    Fisher_Tr     Fisher_Det    KL_prev    Entropy  Frob_Unif
----------------------------------------------------------------------
     500        39.39       2.59e+04     0.0000     1.4342     0.5783
    1000        38.69       1.55e+04     0.2579     1.4915     0.4587
    2000        28.10       5.07e+03     0.1210     1.5528     0.3416
    3000        27.06       4.23e+03     0.0568     1.5711     0.2750
    4000     13450.12       1.13e+11     1.0126     1.2553     1.1544
    5000     13189.01       4.51e+09     0.3039     1.1379     1.1162
    6000      9247.42       5.39e+08     0.1133     1.3065     0.9207
    7000      3936.01       1.86e+07     0.4554     1.1242     1.0266
    8000       753.95       5.03e+06     0.7736     1.2403     1.0537
    9000      7759.01       8.14e+07     0.0637     1.2530     1.0298
   10000    255656.13       2.80e+16     1.4134     0.9239     1.1708
   15000       515.19       1.96e+06     1.7873     0.9036     1.2257
   20000       225.76       1.48e+06     0.6650     1.1101     0.9639
   30000       183.23       3.41e+06     0.3153     1.1349     0.9375
   40000       769.06       8.46e+07     0.9124     0.9512     1.2107

Estimated phase transition (max |d(trace)/dN|): N ~ 9500


--- 45q (2D_Block) :: 45q_readout_raw_data.txt ---
       N    Fisher_Tr     Fisher_Det    KL_prev    Entropy  Frob_Unif
----------------------------------------------------------------------
     500        54.64       4.27e+04     0.0000     1.3679     0.6751
    1000        38.70       9.25e+03     0.3029     1.4538     0.5200
    2000        28.42       4.71e+03     0.0672     1.5542     0.3247
    3000        31.36       5.51e+03     0.0409     1.5260     0.4014
    4000       115.23       3.17e+05     0.4888     1.1951     1.2041
    5000       261.97       8.37e+05     0.3235     1.2807     1.0128
    6000      1785.07       8.86e+05     0.1733     1.3599     0.7913
    7000       305.12       3.25e+05     0.4537     1.2865     0.8940
    8000       217.06       1.70e+06     1.0739     1.2811     1.0216
    9000       438.99       1.30e+07     0.1261     1.1617     1.1065
   10000        91.39       4.48e+05     0.3166     1.2849     0.9036
   15000    267332.15       1.44e+09     1.3339     1.3798     0.7910
   20000       462.50       9.63e+07     1.2702     0.9746     1.2358
   30000       132.64       6.70e+06     0.7959     1.0280     1.1645
   40000      1338.67       3.39e+10     1.0270     0.7133     1.4517

Estimated phase transition (max |d(trace)/dN|): N ~ 12500


--- 46q (Bulk_Full) :: 46q_readout_raw_data.txt ---
       N    Fisher_Tr     Fisher_Det    KL_prev    Entropy  Frob_Unif
----------------------------------------------------------------------
     500       265.65       3.63e+05     0.0000     1.3929     0.6265
    1000        32.31       7.38e+03     0.2916     1.5178     0.4218
    2000        28.79       5.26e+03     0.1038     1.5321     0.3973
    3000        29.00       5.02e+03     0.0636     1.5462     0.3429
    4000       417.92       1.14e+07     0.6299     1.1034     1.3015
    5000     17881.02       8.34e+08     0.6337     1.0135     1.1905
    6000      2398.13       2.13e+06     0.2592     1.3055     0.8452
    7000       627.43       6.15e+06     0.4147     1.1362     1.0957
    8000       743.82       9.94e+06     1.4688     1.1519     1.1740
    9000       999.28       2.87e+07     0.1194     1.2222     1.0483
   10000      4190.23       5.91e+07     0.2232     1.1611     0.9226
   15000       423.92       6.81e+06     2.4261     0.7825     1.3976
   20000      3966.78       1.77e+10     2.7155     0.7102     1.4656
   30000     68921.98       9.73e+14     2.3263     0.8199     1.3076
   40000      4226.18       1.18e+13     1.2124     0.6436     1.5540

Estimated phase transition (max |d(trace)/dN|): N ~ 4500


--- 47q (1D_Snake) :: 47q_readout_raw_data.txt ---
       N    Fisher_Tr     Fisher_Det    KL_prev    Entropy  Frob_Unif
----------------------------------------------------------------------
     500      6052.08       1.05e+07     0.0000     1.2225     0.9650
    1000      7240.94       3.08e+06     0.1202     1.3363     0.8163
    2000     18437.13       7.51e+06     0.0230     1.3491     0.7867
    3000        26.96       4.40e+03     0.3081     1.5724     0.2763
    4000       619.36       1.28e+07     0.7968     1.0839     1.2932
    5000      2097.11       6.39e+07     0.7506     1.1503     0.9977
    6000       986.35       7.38e+05     0.1869     1.3124     0.8525
    7000      1094.65       6.02e+07     0.7292     1.2204     0.9489
    8000       294.41       2.99e+06     1.4128     0.9632     1.2218
    9000       185.17       2.82e+05     0.1537     1.0425     1.1290
   10000       160.81       1.27e+06     0.6318     0.9823     1.1623
   15000     20937.37       7.38e+08     0.9148     1.1108     1.0254
   20000       358.71       2.42e+07     1.0078     1.1357     0.9442
   30000       568.86       1.20e+07     0.9875     1.0329     1.1433
   40000       788.95       4.47e+08     1.1576     0.9365     1.2269

Estimated phase transition (max |d(trace)/dN|): N ~ 2500


--- 48q (Bulk_Full) :: 48q_readout_raw_data.txt ---
       N    Fisher_Tr     Fisher_Det    KL_prev    Entropy  Frob_Unif
----------------------------------------------------------------------
     500        56.23       6.94e+04     0.0000     1.3999     0.6008
    1000        30.92       7.60e+03     0.1229     1.4986     0.4795
    2000        29.71       6.02e+03     0.1210     1.5328     0.3961
    3000        28.10       4.75e+03     0.0854     1.5472     0.3609
    4000       242.93       1.45e+06     0.4704     1.2334     1.1377
    5000       373.01       4.59e+05     0.2989     1.2758     0.9077
    6000       269.13       1.81e+05     0.0410     1.3504     0.8097
    7000       113.57       1.59e+05     0.2086     1.1907     0.8986
    8000       161.43       7.65e+05     1.2818     1.2271     1.0983
    9000       502.43       1.66e+07     0.0803     1.1468     1.1051
   10000      4811.03       5.06e+07     0.5663     0.9259     1.2880
   15000       251.31       2.77e+06     0.2490     0.9145     1.3952
   20000       356.10       1.12e+07     0.8234     1.1730     1.0213
   30000       129.26       7.50e+05     0.6271     1.3589     0.6723
   40000       352.94       4.12e+07     0.6552     0.9863     1.2083

Estimated phase transition (max |d(trace)/dN|): N ~ 9500


--- 49q (1D_Snake) :: 49q_readout_raw_data.txt ---
       N    Fisher_Tr     Fisher_Det    KL_prev    Entropy  Frob_Unif
----------------------------------------------------------------------
     500        53.85       4.61e+04     0.0000     1.3439     0.7023
    1000        33.97       9.41e+03     0.1999     1.4584     0.5653
    2000        31.21       6.55e+03     0.1420     1.5085     0.4429
    3000        33.74       6.11e+03     0.0418     1.5102     0.4078
    4000      3044.56       2.98e+09     0.8692     1.2494     1.1686
    5000     10703.21       8.81e+09     0.1672     1.1870     1.0741
    6000      3025.84       5.78e+07     0.0869     1.2986     0.9401
    7000      4717.58       4.44e+08     0.1730     1.1513     1.0157
    8000       896.55       4.18e+06     0.6675     1.0971     1.1681
    9000      1371.23       2.06e+06     0.0712     1.1762     1.0680
   10000        84.45       2.06e+05     0.2480     1.2542     0.9868
   15000      3095.52       1.29e+09     1.8729     0.9924     1.1074
   20000       104.30       9.14e+05     1.4350     1.1731     0.9004
   30000       293.24       3.80e+07     0.8076     1.1712     0.9208
   40000       154.71       1.07e+07     0.2928     1.0964     1.1182

Estimated phase transition (max |d(trace)/dN|): N ~ 5500


--- 50q (2D_Block) :: 50q_readout_raw_data.txt ---
       N    Fisher_Tr     Fisher_Det    KL_prev    Entropy  Frob_Unif
----------------------------------------------------------------------
     500        39.81       2.70e+04     0.0000     1.4263     0.5988
    1000        29.86       6.74e+03     0.2310     1.5192     0.4334
    2000        28.01       4.82e+03     0.1337     1.5563     0.3249
    3000        26.67       3.81e+03     0.0238     1.5780     0.2490
    4000     16177.92       4.06e+11     0.9365     1.2319     1.1981
    5000      5760.83       3.28e+09     0.2399     1.1199     1.1385
    6000      6883.68       2.12e+08     0.0955     1.2995     0.9511
    7000      7762.59       7.06e+08     0.2432     1.2040     1.0730
    8000       701.40       2.62e+06     0.6517     1.1158     1.1411
    9000      1561.00       1.12e+06     0.1319     1.2511     0.9655
   10000     68729.92       1.36e+15     1.6782     0.9264     1.1371
   15000        92.19       1.28e+05     0.8401     1.2797     0.9112
   20000       434.23       5.10e+06     1.0382     1.2258     0.9513
   30000       481.69       1.46e+06     0.2794     1.2245     0.8860
   40000      6441.22       8.20e+12     1.8936     0.6698     1.4587

Estimated phase transition (max |d(trace)/dN|): N ~ 9500


--- 51q (Bulk_Full) :: 51q_readout_raw_data.txt ---
       N    Fisher_Tr     Fisher_Det    KL_prev    Entropy  Frob_Unif
----------------------------------------------------------------------
     500        43.63       3.28e+04     0.0000     1.4367     0.6000
    1000        28.53       5.50e+03     0.1922     1.5477     0.3468
    2000        26.62       4.10e+03     0.0654     1.5799     0.2408
    3000        26.48       3.94e+03     0.0343     1.5854     0.2138
    4000        77.12       9.09e+04     0.3506     1.3542     0.9788
    5000      3807.29       2.10e+08     0.1903     1.2775     0.9853
    6000       865.57       4.36e+05     0.1521     1.3914     0.7546
    7000       155.60       1.02e+06     0.4828     1.1215     0.9576
    8000     20290.90       1.52e+12     1.9672     1.0047     1.3597
    9000      7201.43       4.53e+10     0.3143     1.2763     1.0805
   10000     10921.43       5.34e+11     0.5790     1.1329     0.9765
   15000       631.35       5.84e+08     2.3209     0.2314     1.8786
   20000     22877.57       5.45e+13     1.6900     0.9224     1.2495
   30000       425.31       3.31e+06     0.9969     1.1471     0.9418
   40000      1259.06       1.74e+09     0.6855     0.6831     1.5191

Estimated phase transition (max |d(trace)/dN|): N ~ 7500


--- 53q (Bulk_Full) :: 53q_readout_raw_data.txt ---
       N    Fisher_Tr     Fisher_Det    KL_prev    Entropy  Frob_Unif
----------------------------------------------------------------------
     500        38.24       1.01e+04     0.0000     1.4827     0.4812
    1000        29.96       6.73e+03     0.2615     1.5413     0.3636
    2000        26.33       3.92e+03     0.0977     1.5832     0.2325
    3000        25.33       3.30e+03     0.0211     1.6029     0.1139
    4000      1030.20       1.70e+07     0.7266     1.1518     1.2162
    5000      1384.51       2.60e+07     0.1748     1.2613     1.0125
    6000      1655.93       1.11e+06     0.1735     1.3270     0.8365
    7000      3309.87       2.15e+09     0.8313     1.1183     0.9019
    8000       205.47       9.80e+05     0.8733     1.2332     0.9594
    9000       398.29       8.38e+06     0.1725     1.0768     1.1321
   10000       274.11       1.24e+07     0.8917     1.0269     1.0359
   15000       197.77       1.11e+05     1.4198     1.3173     0.7141
   20000       186.98       7.05e+05     1.1956     1.0808     1.0800
   30000       251.02       2.83e+06     0.3649     1.1709     0.9526
   40000       169.92       3.33e+06     0.5942     1.0291     1.1283

Estimated phase transition (max |d(trace)/dN|): N ~ 7500


=== SUMMARY: estimated N by topology ===
1D_Snake: n=7, mean=5642.9, std=2193.1, min=2500, max=9500
2D_Block: n=14, mean=8000.0, std=3877.9, min=1500, max=17500
Bulk_Full: n=7, mean=5642.9, std=2478.5, min=3500, max=9500

=== INTERPRETATION ===
If the Fisher trace shows a sharp change near N~8000 (the Grammar Fingerprinting
classification threshold), this suggests a geometric phase transition in the
information manifold — supporting the hypothesis that the threshold represents
a physical boundary where noise structure becomes geometrically organized.
