=== FISHER INFORMATION METRIC ANALYSIS ===

Files processed: 28
Input directory: C:\Users\csapl\.gemini\antigravity\scratch\QuantumCircuit\Grammar_Fingerprinting_Archive\Grammar_Fingerprinting_Code_and_Results_v1.0\QuantumCircuit_Grammar_Research_Archive\readout_raw_data


--- 12q (2D_Block) :: 12q_readout_raw_data.txt ---
       N    Fisher_Tr     Fisher_Det    KL_prev    Entropy  Frob_Unif
----------------------------------------------------------------------
     500     34999.01       2.67e+16     0.0000     1.3339     1.4089
    1000    103956.66       6.75e+16     0.0350     1.4126     1.2961
    2000    453356.90       3.41e+18     0.0778     1.4531     1.2270
    3000    461012.67       6.20e+18     0.0801     1.3750     1.3683
    4000    332040.87       9.24e+18     1.1470     1.3449     1.4094
    5000   2481396.48       3.23e+21     1.4885     1.3237     1.4430
    6000  16278818.24       2.32e+20     0.8854     1.1166     1.5999
    7000  13561788.31       1.04e+19     2.1161     1.3997     1.2544
    8000  49283234.30       1.10e+20     0.8057     1.4629     1.2691
    9000       502.72       1.03e+10     0.4976     1.1651     1.5537
   10000 768250604.52       3.68e+22     1.7102     1.1761     1.4110
   15000       605.34       3.48e+09     1.1670     1.7336     1.0086
   20000     14940.98       7.81e+19     2.1667     1.2583     1.4102
   30000     78048.18       2.52e+16     1.9394     0.9656     1.5774
   40000       740.50       3.48e+11     1.7600     1.3273     1.2392

Estimated phase transition (max |d(trace)/dN|): N ~ 9500


--- 14q (1D_Snake) :: 14q_readout_raw_data.txt ---
       N    Fisher_Tr     Fisher_Det    KL_prev    Entropy  Frob_Unif
----------------------------------------------------------------------
     500     82447.69       1.11e+19     0.0000     1.4454     1.3506
    1000     53164.37       4.02e+18     0.0397     1.4029     1.4207
    2000    107399.74       7.33e+19     0.0090     1.3589     1.4951
    3000    977076.81       2.89e+23     0.0066     1.4119     1.4108
    4000    278482.83       8.40e+17     1.2255     1.4725     1.3320
    5000  39081993.41       1.57e+26     3.4440     1.4073     1.4116
    6000  10082804.80       9.52e+25     3.0309     1.5680     1.2704
    7000 280332179.62       2.62e+25     3.2443     1.0047     1.7241
    8000  15483790.83       1.64e+17     1.5443     1.1898     1.5313
    9000   2529067.60       2.33e+15     0.8565     1.0855     1.5181
   10000 849858840.21       8.11e+22     9.7477     1.2040     1.3392
   15000      2350.95       5.92e+11     2.2849     1.2759     1.4336
   20000      1102.25       1.48e+13     0.7102     1.0960     1.4854
   30000      4564.53       7.56e+15     0.4892     1.1026     1.4947
   40000      1779.12       4.41e+11     2.3388     0.9859     1.6385

Estimated phase transition (max |d(trace)/dN|): N ~ 9500


--- 16q (2D_Block) :: 16q_readout_raw_data.txt ---
       N    Fisher_Tr     Fisher_Det    KL_prev    Entropy  Frob_Unif
----------------------------------------------------------------------
     500     89411.19       1.30e+19     0.0000     1.4948     1.2286
    1000    186417.17       7.02e+18     0.5295     1.2988     1.4411
    2000    126033.13       1.21e+17     0.0381     1.4237     1.2548
    3000    394715.63       5.59e+18     0.0571     1.3084     1.4535
    4000    227557.03       1.28e+19     1.1156     1.4111     1.4107
    5000   2793588.63       5.47e+20     3.6487     1.4973     1.2394
    6000  67676643.37       4.99e+21     4.2291     1.3016     1.4384
    7000  20374306.90       9.87e+21     2.1492     1.1087     1.5687
    8000  71298900.82       9.58e+22     1.7613     1.3457     1.3748
    9000 138290904.85       2.02e+18     0.5529     1.2801     1.3889
   10000      3611.98       1.49e+13     0.7925     1.2634     1.3441
   15000       744.68       1.58e+10     1.2845     1.3450     1.2662
   20000      4180.00       6.41e+16     1.5567     1.1516     1.4244
   30000      2318.34       8.03e+10     1.1396     1.2751     1.2596
   40000      1092.00       3.47e+13     1.4517     1.2493     1.3282

Estimated phase transition (max |d(trace)/dN|): N ~ 9500


--- 18q (1D_Snake) :: 18q_readout_raw_data.txt ---
       N    Fisher_Tr     Fisher_Det    KL_prev    Entropy  Frob_Unif
----------------------------------------------------------------------
     500     35439.82       1.18e+16     0.0000     1.3294     1.3808
    1000     55489.00       7.77e+16     0.0582     1.3217     1.3981
    2000    673407.92       7.11e+20     0.1033     1.2001     1.5698
    3000    522071.38       2.46e+19     0.0979     1.3435     1.3781
    4000    316093.51       9.44e+16     1.0992     1.5069     1.2531
    5000   1728225.06       4.04e+15     0.5602     1.4899     1.2008
    6000   4449040.59       1.64e+19     1.2974     1.4596     1.2098
    7000      6434.73       7.52e+10     0.2935     1.4547     1.2128
    8000  63403145.06       5.90e+14     1.1082     1.4282     1.2244
    9000 902800658.14       1.95e+16     0.6248     1.1968     1.4224
   10000 2413438276.39       1.68e+18     0.4845     1.3012     1.2280
   15000       747.10       1.07e+12     0.8790     1.5365     0.9547
   20000      3590.26       4.04e+14     1.5150     1.1579     1.4215
   30000       500.04       8.29e+10     0.6798     1.5289     0.9757
   40000      4321.83       5.44e+14     0.7706     1.3404     1.3018

Estimated phase transition (max |d(trace)/dN|): N ~ 9500


--- 20q (2D_Block) :: 20q_readout_raw_data.txt ---
       N    Fisher_Tr     Fisher_Det    KL_prev    Entropy  Frob_Unif
----------------------------------------------------------------------
     500     16080.25       3.47e+14     0.0000     1.4418     1.2584
    1000     71603.99       1.65e+16     0.0640     1.3657     1.3957
    2000    124425.32       9.55e+16     0.0140     1.4008     1.3290
    3000    825905.61       1.95e+19     0.0270     1.4419     1.2642
    4000     45388.55       1.63e+15     0.6476     1.4834     1.1916
    5000    344204.13       1.06e+14     1.0927     1.3312     1.3394
    6000  16513791.11       9.66e+20     5.4335     1.3963     1.3325
    7000     22617.62       2.93e+13     1.3302     1.3715     1.2123
    8000  50463713.59       2.37e+18     2.2284     1.2049     1.4642
    9000 354490317.59       9.96e+18     0.9810     1.2211     1.4858
   10000 1090154084.38       5.48e+22     0.8533     1.3868     1.1943
   15000       178.17       1.25e+08     0.6631     1.5520     0.8838
   20000       380.73       1.37e+11     1.2397     1.3084     1.2961
   30000       417.27       3.31e+10     1.0217     1.2990     1.2134
   40000      1177.15       9.93e+12     0.8669     1.2634     1.2220

Estimated phase transition (max |d(trace)/dN|): N ~ 9500


--- 22q (1D_Snake) :: 22q_readout_raw_data.txt ---
       N    Fisher_Tr     Fisher_Det    KL_prev    Entropy  Frob_Unif
----------------------------------------------------------------------
     500   1646591.49       6.88e+17     0.0000     1.2888     1.3286
    1000     21488.49       9.05e+12     0.1996     1.2546     1.4599
    2000    148477.04       1.29e+14     0.0842     1.4109     1.2393
    3000    117574.64       4.37e+14     0.0917     1.4224     1.1783
    4000     55111.30       2.08e+15     1.1845     1.4185     1.3895
    5000   1637937.44       1.74e+16     0.8165     1.3951     1.2666
    6000  10405847.35       1.36e+20     3.8067     1.5377     1.1769
    7000      9025.40       2.26e+12     1.1605     1.4354     1.1725
    8000      1104.19       1.97e+10     0.9831     1.5409     1.1566
    9000      2451.38       2.61e+11     0.1104     1.4748     1.2194
   10000      1538.74       1.86e+11     0.3029     1.4090     1.2306
   15000     97650.48       1.89e+14     3.1817     1.1912     1.4466
   20000   6592575.29       5.03e+18     4.1230     1.1379     1.3480
   30000      1128.86       4.45e+13     0.9795     1.0427     1.5767
   40000       171.50       7.84e+08     1.4092     1.4646     1.0418

Estimated phase transition (max |d(trace)/dN|): N ~ 6500


--- 24q (2D_Block) :: 24q_readout_raw_data.txt ---
       N    Fisher_Tr     Fisher_Det    KL_prev    Entropy  Frob_Unif
----------------------------------------------------------------------
     500     88028.61       4.43e+16     0.0000     1.3778     1.3624
    1000    132667.72       2.45e+14     1.8678     1.2949     1.3313
    2000     34531.02       2.47e+10     0.2188     1.6208     0.8555
    3000     83943.06       1.56e+10     0.0888     1.6756     0.7788
    4000    115423.44       6.55e+14     1.3912     1.5404     1.2088
    5000   1273107.26       2.48e+15     0.7141     1.4659     1.2360
    6000   3039715.84       7.63e+15     0.8770     1.4272     1.2955
    7000      1969.17       1.59e+11     1.2690     1.5017     1.1554
    8000      1879.13       8.29e+12     1.0824     1.4748     1.2311
    9000      7819.37       6.29e+12     0.6650     1.3362     1.2831
   10000     60549.71       3.55e+16     1.9255     1.0324     1.4880
   15000     33737.26       2.87e+15     1.1527     1.5339     1.0914
   20000       673.43       7.02e+12     1.1176     1.1805     1.3501
   30000      1079.62       5.17e+13     1.3045     1.2013     1.4007
   40000       867.92       7.88e+13     0.8707     1.1778     1.4833

Estimated phase transition (max |d(trace)/dN|): N ~ 6500


--- 26q (Bulk_Full) :: 26q_readout_raw_data.txt ---
       N    Fisher_Tr     Fisher_Det    KL_prev    Entropy  Frob_Unif
----------------------------------------------------------------------
     500     19988.98       2.23e+13     0.0000     1.4679     1.1168
    1000     46491.55       1.10e+13     0.1825     1.4682     1.1601
    2000     99787.07       2.75e+13     0.0954     1.5761     0.9700
    3000   1136657.49       3.94e+15     0.0900     1.4973     1.1277
    4000    248474.21       5.89e+18     1.1384     1.5634     1.1787
    5000    239613.54       5.05e+15     0.6400     1.4857     1.1629
    6000   3856008.18       5.69e+18     3.2704     1.5477     1.1836
    7000     47147.81       6.17e+12     0.5864     1.5418     1.0695
    8000      3067.62       1.62e+13     1.3490     1.4807     1.2079
    9000      6895.70       1.52e+13     0.4734     1.4459     1.1169
   10000     66965.80       4.84e+17     0.6911     1.3858     1.2125
   15000    510834.90       1.88e+16     1.7271     1.1115     1.4699
   20000      5880.36       7.68e+12     1.5976     1.1896     1.4737
   30000      2942.64       6.51e+12     1.7849     1.3350     1.1779
   40000      1424.23       6.69e+13     1.6281     1.1597     1.4325

Estimated phase transition (max |d(trace)/dN|): N ~ 6500


--- 28q (1D_Snake) :: 28q_readout_raw_data.txt ---
       N    Fisher_Tr     Fisher_Det    KL_prev    Entropy  Frob_Unif
----------------------------------------------------------------------
     500     75291.00       4.49e+13     0.0000     1.3539     1.1997
    1000     11716.21       1.53e+11     0.2627     1.4978     1.0099
    2000     80599.47       1.62e+13     0.3772     1.5442     1.0582
    3000    676052.21       7.44e+14     0.0330     1.5875     0.9794
    4000    358562.49       1.34e+21     1.1273     1.4470     1.3182
    5000    389616.60       4.00e+18     0.4399     1.3727     1.2641
    6000      9958.80       9.93e+12     0.4382     1.4666     1.0742
    7000      3969.49       1.90e+12     0.3662     1.4877     1.0585
    8000      3501.43       9.57e+12     1.8744     1.2792     1.3541
    9000      2893.39       4.71e+13     0.8234     1.2124     1.4579
   10000     47270.66       6.86e+16     1.4256     1.1915     1.4034
   15000      2381.22       1.40e+12     1.9654     1.1910     1.4455
   20000     10230.86       2.66e+13     0.8366     1.3207     1.2336
   30000       311.59       3.50e+09     0.7864     1.3659     1.2008
   40000      1095.29       6.89e+12     2.0107     1.1846     1.3775

Estimated phase transition (max |d(trace)/dN|): N ~ 2500


--- 30q (2D_Block) :: 30q_readout_raw_data.txt ---
       N    Fisher_Tr     Fisher_Det    KL_prev    Entropy  Frob_Unif
----------------------------------------------------------------------
     500     11812.07       1.51e+11     0.0000     1.5284     1.0064
    1000     30958.87       1.38e+10     0.2012     1.6894     0.7486
    2000     35330.54       4.31e+09     0.1265     1.7196     0.7249
    3000       208.17       2.04e+07     0.1677     1.6910     0.6963
    4000      6562.31       2.96e+12     0.7219     1.5447     1.2313
    5000     36100.44       6.56e+14     0.3199     1.5331     1.1116
    6000      4849.38       1.53e+11     0.2766     1.5475     1.0384
    7000      1394.70       3.93e+11     1.1402     1.5513     1.0165
    8000      5730.05       1.39e+14     1.4008     1.4597     1.1983
    9000      6216.95       4.65e+12     0.3103     1.4736     1.1594
   10000      2677.34       3.77e+13     1.0053     1.3017     1.2314
   15000   1830261.34       7.21e+16     0.9132     1.4175     1.2002
   20000      5031.27       1.93e+12     2.2527     1.2985     1.1345
   30000       952.24       5.16e+11     0.8265     1.3307     1.1789
   40000      8818.87       1.83e+16     0.7656     1.2934     1.1994

Estimated phase transition (max |d(trace)/dN|): N ~ 12500


--- 32q (1D_Snake) :: 32q_readout_raw_data.txt ---
       N    Fisher_Tr     Fisher_Det    KL_prev    Entropy  Frob_Unif
----------------------------------------------------------------------
     500     64633.56       8.46e+12     0.0000     1.3928     1.1342
    1000     13008.88       9.36e+09     0.3639     1.5554     0.9719
    2000     46131.32       1.27e+10     0.1406     1.6489     0.8268
    3000    227596.57       1.09e+11     0.0783     1.6442     0.8316
    4000     69094.44       2.38e+14     0.7177     1.5388     1.2104
    5000     36923.39       6.29e+14     0.3722     1.5482     1.0772
    6000      2942.28       8.80e+10     0.2440     1.4817     1.1600
    7000     11185.17       7.89e+11     0.1415     1.5102     1.1797
    8000      2244.44       3.21e+10     0.9891     1.4995     1.1139
    9000      3536.57       1.20e+11     0.3256     1.3948     1.1405
   10000      3768.51       3.59e+15     1.2909     1.0679     1.5028
   15000    516791.53       7.60e+19     1.3296     1.5616     1.1213
   20000      1659.03       6.30e+13     2.8647     0.8572     1.7914
   30000      1009.91       4.66e+11     1.7442     1.3951     1.0746
   40000       939.75       2.37e+13     1.3704     1.1813     1.3868

Estimated phase transition (max |d(trace)/dN|): N ~ 2500


--- 34q (2D_Block) :: 34q_readout_raw_data.txt ---
       N    Fisher_Tr     Fisher_Det    KL_prev    Entropy  Frob_Unif
----------------------------------------------------------------------
     500      3564.75       2.87e+09     0.0000     1.4855     0.9921
    1000      6099.50       9.43e+08     0.3020     1.7290     0.6971
    2000     47120.50       6.45e+09     0.1822     1.7204     0.7125
    3000    163425.99       1.13e+10     0.0467     1.7681     0.6323
    4000     14348.49       6.50e+13     1.2036     1.5730     1.0701
    5000    259301.95       9.19e+12     0.4317     1.5229     1.0483
    6000      1789.37       1.40e+10     0.4137     1.5750     0.9985
    7000      7509.72       4.93e+10     0.4761     1.6021     0.9039
    8000      2731.95       5.86e+12     1.0487     1.5420     1.2282
    9000     16082.06       6.27e+13     0.2517     1.5694     1.0661
   10000      2325.44       2.62e+11     0.0561     1.6283     1.0315
   15000       103.37       5.21e+07     0.9059     1.5219     1.3003
   20000      5942.98       9.38e+15     3.0303     0.9216     1.7636
   30000       455.27       1.54e+10     0.9393     1.3051     1.1952
   40000       780.58       4.64e+12     1.1312     1.2861     1.2370

Estimated phase transition (max |d(trace)/dN|): N ~ 5500


--- 36q (Bulk_Full) :: 36q_readout_raw_data.txt ---
       N    Fisher_Tr     Fisher_Det    KL_prev    Entropy  Frob_Unif
----------------------------------------------------------------------
     500      4857.86       7.21e+09     0.0000     1.6339     0.8184
    1000     18361.27       8.99e+11     0.8408     1.4732     1.0362
    2000       181.83       2.07e+07     0.4005     1.7024     0.6808
    3000       170.46       1.06e+07     0.1335     1.7701     0.5331
    4000     71101.49       3.01e+18     1.6135     1.5247     1.2175
    5000      8274.79       4.52e+14     0.6163     1.4372     1.2100
    6000     31339.24       3.64e+14     0.6330     1.5214     0.9933
    7000      3169.98       4.07e+12     1.0887     1.2790     1.3540
    8000      2230.80       5.80e+12     1.0483     1.5215     1.2434
    9000      2029.36       1.90e+13     0.9277     1.3886     1.1573
   10000     12676.90       4.00e+15     0.5165     1.4177     1.0978
   15000    282320.19       1.68e+14     1.5818     1.4592     1.1046
   20000      1133.46       3.60e+12     1.6472     1.2962     1.2928
   30000      1204.76       2.70e+12     0.8607     1.3425     1.1157
   40000      1202.27       8.27e+13     0.7284     1.1508     1.4253

Estimated phase transition (max |d(trace)/dN|): N ~ 3500


--- 38q (Bulk_Full) :: 38q_readout_raw_data.txt ---
       N    Fisher_Tr     Fisher_Det    KL_prev    Entropy  Frob_Unif
----------------------------------------------------------------------
     500      6766.09       9.42e+10     0.0000     1.4755     1.0641
    1000     17212.65       6.64e+10     0.4100     1.5094     1.0104
    2000    139104.55       2.91e+12     0.4107     1.4805     1.0214
    3000    276905.16       5.70e+11     0.1133     1.5274     0.9567
    4000      3432.57       8.09e+14     1.1586     1.5063     1.1544
    5000    479335.83       1.29e+15     0.6219     1.5478     1.0994
    6000      9675.21       2.13e+11     0.2430     1.6173     0.8894
    7000      6253.55       1.58e+11     0.2591     1.5551     1.0524
    8000     10087.51       5.11e+14     1.2667     1.4157     1.3221
    9000      4299.01       1.79e+12     0.6929     1.4599     1.2562
   10000      4293.35       1.25e+13     0.9277     1.2470     1.3101
   15000      1971.53       6.81e+12     1.4616     1.5246     1.1299
   20000       537.25       2.81e+11     1.4647     1.2329     1.2487
   30000       155.47       2.30e+08     0.7577     1.6078     0.8620
   40000       866.74       4.21e+11     0.8811     1.2026     1.3523

Estimated phase transition (max |d(trace)/dN|): N ~ 4500


--- 39q (2D_Block) :: 39q_readout_raw_data.txt ---
       N    Fisher_Tr     Fisher_Det    KL_prev    Entropy  Frob_Unif
----------------------------------------------------------------------
     500     14016.70       3.11e+10     0.0000     1.6494     0.8085
    1000     11135.95       5.05e+09     0.3661     1.6457     0.8425
    2000    136955.01       1.39e+10     0.1529     1.7282     0.7161
    3000    134722.52       1.32e+10     0.0475     1.7273     0.7115
    4000      8699.86       2.83e+15     1.3716     1.4687     1.2567
    5000     11170.06       1.54e+14     0.4370     1.4954     1.1600
    6000      6260.43       1.92e+12     0.2230     1.6477     0.9238
    7000     15769.00       2.35e+16     0.6010     1.5246     0.9671
    8000      2245.92       5.62e+09     1.0707     1.5019     1.1262
    9000      1961.19       9.29e+09     0.1972     1.4396     1.0927
   10000     14752.70       1.30e+13     0.8082     1.3186     1.2558
   15000       289.68       4.78e+09     1.3998     1.4493     1.2191
   20000     32311.64       3.25e+15     1.8498     1.1106     1.5023
   30000       706.68       1.98e+10     1.3819     1.3722     1.1683
   40000     20739.72       4.76e+12     1.8427     1.1563     1.4256

Estimated phase transition (max |d(trace)/dN|): N ~ 3500


--- 40q (2D_Block) :: 40q_readout_raw_data.txt ---
       N    Fisher_Tr     Fisher_Det    KL_prev    Entropy  Frob_Unif
----------------------------------------------------------------------
     500     44996.06       1.29e+12     0.0000     1.5470     0.9473
    1000      9174.62       7.00e+09     0.2543     1.5787     0.9207
    2000       123.50       1.37e+07     0.4927     1.7937     0.5422
    3000        60.22       2.09e+06     0.1258     1.8692     0.3831
    4000     22878.22       1.04e+14     1.6793     1.3452     1.3545
    5000      2419.87       6.45e+11     0.5106     1.4957     1.0923
    6000      4049.85       5.49e+11     0.1768     1.5905     0.9325
    7000      3003.12       3.22e+14     0.9411     1.2130     1.3689
    8000     20708.58       9.81e+12     1.3916     1.4977     1.1892
    9000     25514.55       1.81e+13     0.4181     1.3828     1.1939
   10000     17608.54       3.91e+14     0.5029     1.4010     1.2005
   15000       537.87       3.04e+10     1.5768     1.3823     1.3492
   20000      5226.21       3.99e+15     2.2209     0.8834     1.6905
   30000       725.36       7.39e+09     1.1309     1.4169     1.0954
   40000       813.33       5.87e+10     0.8417     1.5069     1.0905

Estimated phase transition (max |d(trace)/dN|): N ~ 750


--- 41q (2D_Block) :: 41q_readout_raw_data.txt ---
       N    Fisher_Tr     Fisher_Det    KL_prev    Entropy  Frob_Unif
----------------------------------------------------------------------
     500      9797.74       6.16e+09     0.0000     1.5775     0.9503
    1000   5753825.98       1.10e+15     1.0312     1.4711     0.9765
    2000     48229.87       4.93e+09     0.4220     1.7241     0.7274
    3000    113898.78       7.92e+09     0.0562     1.7750     0.6170
    4000       768.50       2.42e+10     0.7014     1.5556     1.1304
    5000     10809.60       5.66e+13     0.6659     1.4923     1.1386
    6000     20036.64       3.04e+11     0.3845     1.5533     0.9246
    7000      2560.52       1.16e+11     1.1542     1.3026     1.3273
    8000      1885.94       3.14e+12     1.1127     1.5558     1.1987
    9000     28899.35       6.19e+14     0.2744     1.5392     1.1147
   10000     58699.02       8.36e+13     0.2408     1.4910     1.0846
   15000      3247.52       5.68e+10     0.7313     1.6729     0.8136
   20000      3866.58       5.57e+10     1.4904     1.3306     1.2108
   30000      3568.86       8.45e+12     2.6159     1.0810     1.4316
   40000      2922.22       9.65e+15     1.3250     1.2480     1.2465

Estimated phase transition (max |d(trace)/dN|): N ~ 750


--- 42q (2D_Block) :: 42q_readout_raw_data.txt ---
       N    Fisher_Tr     Fisher_Det    KL_prev    Entropy  Frob_Unif
----------------------------------------------------------------------
     500       495.21       4.13e+09     0.0000     1.7095     0.6696
    1000        66.31       4.73e+06     0.3250     1.8103     0.5233
    2000        67.38       3.90e+06     0.1380     1.8095     0.5275
    3000        55.99       1.80e+06     0.0816     1.8812     0.3664
    4000      5276.73       5.50e+13     0.9547     1.5311     1.2241
    5000     12080.89       2.89e+13     0.4073     1.5265     1.0280
    6000      3943.10       4.16e+14     0.8712     1.3749     1.2005
    7000      2829.42       2.72e+11     1.3354     1.5014     1.0634
    8000      3080.88       5.51e+12     1.2638     1.1643     1.4076
    9000     13914.79       2.98e+13     0.5376     1.2888     1.3579
   10000      4649.64       2.45e+15     1.3377     1.1920     1.3421
   15000       149.13       3.00e+08     1.0006     1.5107     1.1846
   20000      2287.21       4.24e+14     2.1217     1.0134     1.5726
   30000      4521.60       3.72e+16     1.5773     1.4048     1.1772
   40000       783.32       4.47e+12     1.3772     1.1002     1.4984

Estimated phase transition (max |d(trace)/dN|): N ~ 8500


--- 43q (2D_Block) :: 43q_readout_raw_data.txt ---
       N    Fisher_Tr     Fisher_Det    KL_prev    Entropy  Frob_Unif
----------------------------------------------------------------------
     500       123.56       7.67e+07     0.0000     1.7142     0.6652
    1000        96.04       2.50e+07     0.3497     1.7362     0.6371
    2000        64.31       3.75e+06     0.2458     1.8262     0.5056
    3000        54.20       1.46e+06     0.1255     1.9012     0.2984
    4000      6070.93       3.03e+15     1.1739     1.4399     1.2490
    5000      8261.41       2.24e+14     0.6844     1.2912     1.3275
    6000     22437.75       4.03e+12     0.5136     1.5684     0.9369
    7000      8018.02       3.27e+12     0.4356     1.4180     1.0711
    8000      3237.64       5.78e+12     1.1212     1.4651     1.2604
    9000      2917.96       3.01e+12     0.7337     1.4299     1.1577
   10000      4326.40       6.80e+11     0.2501     1.4433     1.0769
   15000 4312664398.14       1.22e+17     2.4640     1.5691     0.8941
   20000      6285.16       4.73e+12     1.2471     1.2284     1.3213
   30000      8638.94       9.61e+15     2.0831     1.1717     1.4100
   40000       870.94       4.81e+12     0.9222     1.3174     1.2484

Estimated phase transition (max |d(trace)/dN|): N ~ 12500


--- 44q (2D_Block) :: 44q_readout_raw_data.txt ---
       N    Fisher_Tr     Fisher_Det    KL_prev    Entropy  Frob_Unif
----------------------------------------------------------------------
     500      9006.05       4.31e+13     0.0000     1.5603     0.9099
    1000      6854.48       9.95e+08     0.1783     1.6931     0.7794
    2000     70065.17       1.12e+10     0.0939     1.7031     0.7356
    3000    186976.24       1.66e+10     0.0657     1.7516     0.6606
    4000     28372.05       3.95e+16     1.2398     1.4926     1.2916
    5000     51224.53       3.46e+14     0.4826     1.5277     1.0878
    6000     15696.06       2.64e+13     0.1746     1.6200     0.9675
    7000      9132.45       7.42e+11     0.3579     1.5054     1.0832
    8000      3487.94       1.80e+12     0.5980     1.5556     1.2346
    9000     33407.22       9.96e+14     0.4639     1.5216     1.1151
   10000     18581.55       4.02e+16     0.5897     1.3147     1.2014
   15000      3061.18       1.45e+11     2.0301     1.1450     1.5416
   20000     52675.45       1.05e+15     3.6730     0.7952     1.7920
   30000       628.61       4.18e+11     1.2050     1.2507     1.2235
   40000      1354.78       2.67e+13     1.4831     1.1821     1.3441

Estimated phase transition (max |d(trace)/dN|): N ~ 3500


--- 45q (2D_Block) :: 45q_readout_raw_data.txt ---
       N    Fisher_Tr     Fisher_Det    KL_prev    Entropy  Frob_Unif
----------------------------------------------------------------------
     500      5522.18       1.26e+10     0.0000     1.5077     1.0319
    1000     10948.73       4.08e+09     0.2529     1.6341     0.8372
    2000     24930.83       3.08e+09     0.1561     1.7147     0.7365
    3000    271873.08       3.88e+10     0.0825     1.6838     0.7832
    4000       276.38       1.57e+09     0.3527     1.6052     1.0814
    5000      3410.93       2.30e+11     0.7397     1.5875     0.9513
    6000      2605.92       1.33e+10     0.2185     1.5819     0.8710
    7000       831.38       3.77e+09     0.5901     1.5830     0.9160
    8000      2414.09       5.64e+13     1.3032     1.5308     1.2074
    9000      4012.99       9.09e+12     0.3299     1.5554     1.0523
   10000     35797.46       2.19e+17     0.3260     1.5942     0.9130
   15000      5474.68       1.66e+14     1.2084     1.3089     1.4848
   20000      2155.24       9.79e+13     2.0818     1.1351     1.5681
   30000       387.51       8.06e+10     0.9720     1.3731     1.1413
   40000      5069.39       8.21e+15     1.2852     1.1481     1.5571

Estimated phase transition (max |d(trace)/dN|): N ~ 3500


--- 46q (Bulk_Full) :: 46q_readout_raw_data.txt ---
       N    Fisher_Tr     Fisher_Det    KL_prev    Entropy  Frob_Unif
----------------------------------------------------------------------
     500     20071.90       4.04e+15     0.0000     1.5486     0.9404
    1000       100.82       1.53e+07     0.9104     1.7266     0.6863
    2000        75.66       7.20e+06     0.1771     1.8289     0.4601
    3000        59.33       2.07e+06     0.1250     1.8708     0.3758
    4000      1779.30       1.62e+12     1.0165     1.3441     1.4479
    5000     14604.19       1.50e+14     0.2587     1.5538     1.0763
    6000      3646.49       5.82e+10     0.2249     1.4996     1.1229
    7000      8083.39       1.25e+14     0.8474     1.4653     1.1321
    8000     11446.95       1.59e+14     0.8977     1.5094     1.2383
    9000     14040.18       5.84e+13     0.4243     1.5243     1.1358
   10000     19135.69       1.42e+15     0.8179     1.2709     1.2635
   15000       935.24       6.00e+10     2.6666     1.0674     1.5781
   20000      7995.43       6.13e+15     3.0617     0.9941     1.6741
   30000      5474.29       5.69e+15     1.6424     1.2106     1.4966
   40000      4192.99       1.37e+17     0.9107     1.2032     1.2638

Estimated phase transition (max |d(trace)/dN|): N ~ 750


--- 47q (1D_Snake) :: 47q_readout_raw_data.txt ---
       N    Fisher_Tr     Fisher_Det    KL_prev    Entropy  Frob_Unif
----------------------------------------------------------------------
     500     47190.96       1.58e+11     0.0000     1.5068     1.0610
    1000     38517.19       1.83e+10     0.1718     1.6115     0.8989
    2000     72965.20       8.37e+09     0.1032     1.7461     0.6640
    3000    234114.79       2.30e+10     0.0557     1.7508     0.6623
    4000     11451.97       2.41e+14     0.6448     1.5532     1.2432
    5000      3343.49       9.18e+11     0.2745     1.6156     1.0069
    6000      2070.58       1.14e+10     0.1523     1.6011     0.9953
    7000      3696.42       1.19e+14     0.7614     1.5697     0.9872
    8000      1481.53       9.53e+10     1.3662     1.3944     1.2495
    9000      4678.74       1.80e+12     0.1668     1.4657     1.0929
   10000      5697.25       4.74e+12     0.5161     1.3902     1.2677
   15000      1297.02       9.59e+09     1.8308     1.5305     1.0994
   20000      1389.87       2.15e+13     1.1411     0.9353     1.6634
   30000       806.35       5.73e+12     1.3662     1.1762     1.4315
   40000      2138.45       3.66e+14     1.8883     1.0598     1.5323

Estimated phase transition (max |d(trace)/dN|): N ~ 3500


--- 48q (Bulk_Full) :: 48q_readout_raw_data.txt ---
       N    Fisher_Tr     Fisher_Det    KL_prev    Entropy  Frob_Unif
----------------------------------------------------------------------
     500       337.23       5.53e+09     0.0000     1.6096     0.8540
    1000        78.00       1.15e+07     0.2997     1.7743     0.5779
    2000        56.48       1.98e+06     0.1891     1.8835     0.3490
    3000        53.22       1.41e+06     0.0777     1.9081     0.2723
    4000       303.30       1.61e+09     0.4920     1.5936     1.1143
    5000      2825.76       1.53e+11     0.4222     1.5088     1.0443
    6000      3885.33       3.33e+10     0.1066     1.6752     0.8570
    7000      1018.08       4.05e+09     0.2112     1.5534     0.9688
    8000      3142.54       3.58e+13     1.3508     1.4743     1.3184
    9000      5995.29       3.53e+13     0.3823     1.4864     1.1840
   10000      9944.68       2.42e+16     0.6220     1.4063     1.2217
   15000      3304.61       1.10e+13     1.5998     1.1775     1.4736
   20000      4727.14       6.04e+13     1.0109     1.3070     1.2594
   30000     10794.36       9.37e+16     1.0988     1.2260     1.3491
   40000      3598.08       4.52e+13     1.0332     1.0026     1.5983

Estimated phase transition (max |d(trace)/dN|): N ~ 9500


--- 49q (1D_Snake) :: 49q_readout_raw_data.txt ---
       N    Fisher_Tr     Fisher_Det    KL_prev    Entropy  Frob_Unif
----------------------------------------------------------------------
     500      2802.43       1.30e+09     0.0000     1.6817     0.7588
    1000        74.41       1.39e+07     0.4283     1.7629     0.6136
    2000        61.15       2.91e+06     0.1750     1.8604     0.4108
    3000        54.44       1.55e+06     0.0812     1.9044     0.2755
    4000     42283.30       1.14e+19     1.1966     1.4790     1.3216
    5000     47822.55       2.11e+14     0.3025     1.5408     1.0934
    6000     14958.93       4.37e+13     0.0956     1.6134     0.9811
    7000      2170.96       2.55e+11     0.2594     1.5015     1.0670
    8000      1716.33       7.19e+10     0.7938     1.6290     1.0123
    9000      9581.94       1.28e+13     0.0659     1.5685     1.0451
   10000      6880.02       3.72e+11     0.2656     1.5962     1.0298
   15000 10470519518.00       6.20e+44     3.4759     1.1140     1.4547
   20000       475.99       1.54e+09     2.3866     1.4428     1.0397
   30000      2495.40       2.69e+14     0.6084     1.3026     1.2322
   40000       842.72       1.77e+13     0.7802     1.3485     1.1292

Estimated phase transition (max |d(trace)/dN|): N ~ 17500


--- 50q (2D_Block) :: 50q_readout_raw_data.txt ---
       N    Fisher_Tr     Fisher_Det    KL_prev    Entropy  Frob_Unif
----------------------------------------------------------------------
     500       136.60       2.81e+08     0.0000     1.6470     0.8347
    1000        68.92       7.56e+06     0.3345     1.8247     0.4884
    2000        54.18       1.64e+06     0.1259     1.9008     0.2978
    3000        56.30       2.00e+06     0.0579     1.8854     0.3418
    4000     15699.19       3.42e+16     0.8835     1.6165     1.1944
    5000     28109.62       1.81e+16     0.3465     1.5966     1.0746
    6000     25505.48       1.89e+14     0.1691     1.6176     0.9779
    7000      8383.78       3.35e+12     0.4547     1.4742     1.0562
    8000       774.04       3.12e+10     0.6990     1.5718     1.1158
    9000      8109.67       1.10e+13     0.3626     1.4439     1.1407
   10000     51818.88       1.01e+16     0.6298     1.2690     1.3381
   15000 1956878361.99       5.63e+15     3.2497     1.6313     0.9235
   20000      4528.91       8.96e+11     1.1249     1.4799     1.1013
   30000      2072.97       1.99e+10     0.4897     1.6145     0.8789
   40000      3779.21       2.28e+15     0.7734     1.0415     1.6109

Estimated phase transition (max |d(trace)/dN|): N ~ 17500


--- 51q (Bulk_Full) :: 51q_readout_raw_data.txt ---
       N    Fisher_Tr     Fisher_Det    KL_prev    Entropy  Frob_Unif
----------------------------------------------------------------------
     500       314.98       6.36e+10     0.0000     1.6008     0.8467
    1000        82.04       1.81e+07     0.5811     1.7645     0.6023
    2000        65.21       3.96e+06     0.1818     1.8456     0.4391
    3000        55.03       1.68e+06     0.0903     1.8883     0.3421
    4000      1229.38       3.40e+11     0.6697     1.5862     1.1722
    5000      8723.47       1.25e+13     0.3194     1.5966     1.0591
    6000      2579.34       1.51e+10     0.1660     1.6275     0.9436
    7000      9822.24       9.51e+12     0.7739     1.5214     1.0448
    8000      6154.25       7.06e+14     2.2049     1.4340     1.2258
    9000     80794.28       7.97e+17     0.2955     1.5888     1.1124
   10000      7593.48       4.63e+13     0.4995     1.3758     1.1652
   15000    160376.66       1.85e+14     2.7296     1.4281     1.2207
   20000     12646.91       2.04e+19     3.3152     0.8363     1.6498
   30000     33308.21       1.02e+13     2.2037     1.4335     1.0719
   40000      2355.42       4.29e+14     0.9521     1.1570     1.3529

Estimated phase transition (max |d(trace)/dN|): N ~ 8500


--- 53q (Bulk_Full) :: 53q_readout_raw_data.txt ---
       N    Fisher_Tr     Fisher_Det    KL_prev    Entropy  Frob_Unif
----------------------------------------------------------------------
     500      2234.82       9.00e+09     0.0000     1.5170     0.8724
    1000        61.02       3.12e+06     0.4546     1.8528     0.4261
    2000       568.69       4.65e+08     0.5918     1.6077     0.8336
    3000       324.21       4.83e+07     0.1572     1.6771     0.7264
    4000      3451.58       2.07e+12     0.8215     1.6123     1.1295
    5000      8625.62       4.66e+12     0.2590     1.6215     0.9916
    6000      6643.26       5.54e+10     0.1540     1.6381     0.9054
    7000       617.81       1.26e+10     0.2340     1.6838     0.8708
    8000       686.93       1.14e+11     1.2873     1.3706     1.3017
    9000      2923.16       2.64e+11     0.1726     1.4949     1.0671
   10000     14335.39       2.20e+13     0.4909     1.4992     1.1154
   15000       186.56       1.56e+08     0.8631     1.6645     0.9261
   20000      2356.23       3.76e+11     1.8400     1.1394     1.4580
   30000      1148.88       2.63e+10     1.0208     1.4781     0.9864
   40000      1207.80       1.38e+12     0.6525     1.2618     1.2539

Estimated phase transition (max |d(trace)/dN|): N ~ 9500


=== SUMMARY: estimated N by topology ===
1D_Snake: n=7, mean=7357.1, std=5398.4, min=2500, max=17500
2D_Block: n=14, mean=7392.9, std=4859.3, min=750, max=17500
Bulk_Full: n=7, mean=6107.1, std=3341.2, min=750, max=9500

=== INTERPRETATION ===
If the Fisher trace shows a sharp change near N~8000 (the Grammar Fingerprinting
classification threshold), this suggests a geometric phase transition in the
information manifold — supporting the hypothesis that the threshold represents
a physical boundary where noise structure becomes geometrically organized.
